0 0 Van 0 0 -1.793451 296.744956 161.752147 455.226042 292.372804 2.000000 1.823255 4.433886 -4.552284 1.858523 13.410495 -2.115488
0 1 Cyclist 0 0 -1.936993 737.619499 161.531951 931.112229 374.000000 1.739063 0.824591 1.785241 1.640400 1.675660 5.776261 -1.675458
1 0 Van 0 0 -1.796862 294.898777 156.024256 452.199718 284.621269 2.000000 1.823255 4.433886 -4.650955 1.766774 13.581085 -2.121565
1 1 Cyclist 0 0 -1.935205 745.017137 156.393157 938.839722 374.000000 1.739063 0.824591 1.785241 1.700640 1.640419 5.778596 -1.664456
2 0 Van 0 0 -1.800343 293.093560 150.470149 449.259225 277.104290 2.000000 1.823255 4.433886 -4.749625 1.675025 13.751675 -2.127642
2 1 Cyclist 0 0 -1.933364 752.406083 151.248515 946.562490 374.000000 1.739063 0.824591 1.785241 1.760880 1.605178 5.780931 -1.653453
3 0 Van 0 0 -1.803889 291.328036 145.082168 446.400830 269.811515 2.000000 1.823255 4.433886 -4.848295 1.583277 13.922264 -2.133719
3 1 Cyclist 0 0 -1.931469 759.786603 146.098339 954.280160 374.000000 1.739063 0.824591 1.785241 1.821119 1.569936 5.783265 -1.642450
4 0 Van 0 0 -1.808333 290.287584 146.641981 444.387179 269.473545 2.000000 1.823255 4.433886 -4.934786 1.601945 14.098646 -2.139796
4 1 Cyclist 0 0 -1.929519 767.158958 140.942948 961.992360 374.000000 1.739063 0.824591 1.785241 1.881359 1.534695 5.785600 -1.631447
5 0 Van 0 0 -1.812818 289.271282 148.155300 442.428857 269.145082 2.000000 1.823255 4.433886 -5.021277 1.620613 14.275029 -2.145873
5 1 Cyclist 0 0 -1.953750 766.121990 144.055024 964.267937 374.000000 1.739063 0.824591 1.785241 1.895126 1.554621 5.811552 -1.654852
6 0 Van 0 0 -1.811800 288.044118 147.111524 439.326636 266.443764 2.000000 1.823255 4.433886 -5.118224 1.597464 14.439823 -2.147267
6 1 Cyclist 0 0 -1.977973 765.129111 147.124585 966.438106 374.000000 1.739063 0.824591 1.785241 1.908893 1.574546 5.837503 -1.678257
7 0 Van 0 0 -1.810839 286.853550 148.660413 436.321849 266.388627 2.000000 1.823255 4.433886 -5.214711 1.617953 14.604162 -2.148660
7 1 Cyclist 0 0 -2.002189 764.180855 150.151704 968.503516 374.000000 1.739063 0.824591 1.785241 1.922660 1.594472 5.863455 -1.701662
8 0 Van 0 0 -1.809933 285.694115 151.756923 433.403548 267.928972 2.000000 1.823255 4.433886 -5.310908 1.665835 14.768214 -2.150054
8 1 Cyclist 0 0 -2.026398 763.277750 153.136487 970.464903 374.000000 1.739063 0.824591 1.785241 1.936427 1.614397 5.889406 -1.725068
9 0 Van 0 0 -1.809080 284.544464 151.841430 430.535077 266.488128 2.000000 1.823255 4.433886 -5.407646 1.662509 14.932802 -2.151447
9 1 Cyclist 0 0 -2.050600 762.420320 156.079075 972.323089 374.000000 1.739063 0.824591 1.785241 1.950193 1.634322 5.915358 -1.748473
10 0 Van 0 0 -1.808279 283.445343 158.068578 427.781532 271.249591 2.000000 1.823255 4.433886 -5.503235 1.767942 15.096252 -2.152841
10 1 Cyclist 0 0 -2.049976 760.775609 156.367066 967.964682 374.000000 1.739063 0.824591 1.785241 1.950046 1.634862 5.980300 -1.750818
11 0 Van 0 0 -1.809418 282.442928 158.381115 425.708612 270.299960 2.000000 1.823255 4.433886 -5.584318 1.770644 15.238743 -2.155689
11 1 Cyclist 0 0 -2.049408 759.161786 156.647830 963.715337 374.000000 1.739063 0.824591 1.785241 1.949899 1.635402 6.045242 -1.753162
12 0 Van 0 0 -1.810589 281.457376 158.686800 423.678738 269.371155 2.000000 1.823255 4.433886 -5.665401 1.773347 15.381234 -2.158537
12 1 Cyclist 0 0 -2.048895 757.577998 156.921635 959.570993 374.000000 1.739063 0.824591 1.785241 1.949752 1.635942 6.110184 -1.755507
13 0 Van 0 0 -1.811793 280.488280 158.985857 421.690566 268.462499 2.000000 1.823255 4.433886 -5.746484 1.776050 15.523726 -2.161385
13 1 Cyclist 0 0 -2.048433 756.023423 157.188738 955.527790 374.000000 1.739063 0.824591 1.785241 1.949604 1.636481 6.175126 -1.757852
14 0 Van 0 0 -1.813028 279.535241 159.278498 419.742805 267.573344 2.000000 1.823255 4.433886 -5.827567 1.778753 15.666217 -2.164233
14 1 Cyclist 0 0 -2.048023 754.497271 157.449381 951.582054 374.000000 1.739063 0.824591 1.785241 1.949457 1.637021 6.240068 -1.760197
15 0 Van 0 0 -1.814293 278.597877 159.564927 417.834217 266.703068 2.000000 1.823255 4.433886 -5.908650 1.781455 15.808708 -2.167082
15 1 Cyclist 0 0 -2.067312 748.576297 161.920691 944.954488 374.000000 1.739063 0.824591 1.785241 1.925884 1.669392 6.326126 -1.786378
16 0 Van 0 0 -1.806616 278.583750 152.925649 415.326418 259.075915 2.000000 1.823255 4.433886 -5.981431 1.653812 15.935761 -2.160770
16 1 Cyclist 0 0 -2.086753 742.822419 166.233928 938.481856 374.000000 1.739063 0.824591 1.785241 1.902311 1.701763 6.412183 -1.812559
17 0 Van 0 0 -1.798961 278.625653 158.179714 412.939242 263.395357 2.000000 1.823255 4.433886 -6.051844 1.750316 16.060472 -2.154458
17 1 Cyclist 0 0 -2.106340 737.230710 170.396261 932.156582 374.000000 1.739063 0.824591 1.785241 1.878737 1.734134 6.498241 -1.838741
18 0 Van 0 0 -1.792771 279.839832 165.295773 411.847947 269.490230 2.000000 1.823255 4.433886 -6.100129 1.884195 16.199139 -2.148146
18 1 Cyclist 0 0 -2.126070 731.796500 174.414472 925.971554 374.000000 1.739063 0.824591 1.785241 1.855164 1.766505 6.584298 -1.864922
19 0 Van 0 0 -1.786579 281.035508 172.027539 410.771982 275.466081 2.000000 1.823255 4.433886 -6.148414 2.018074 16.337805 -2.141834
19 1 Cyclist 0 0 -2.145938 726.515358 178.294983 919.920080 374.000000 1.739063 0.824591 1.785241 1.831591 1.798876 6.670355 -1.891103
20 0 Van 0 0 -1.780384 282.213139 178.423531 409.710996 281.326228 2.000000 1.823255 4.433886 -6.196699 2.151953 16.476472 -2.135522
20 1 Cyclist 0 0 -2.162971 718.531351 177.437178 910.500369 374.000000 1.739063 0.824591 1.785241 1.779747 1.792479 6.761353 -1.918182
21 0 Van 0 0 -1.764048 287.104745 176.360481 410.350160 278.151904 2.000000 1.823255 4.433886 -6.184840 2.109358 16.620804 -2.115769
21 1 Cyclist 0 0 -2.180212 710.755958 176.610636 901.330218 374.000000 1.739063 0.824591 1.785241 1.727903 1.786082 6.852350 -1.945262
22 0 Van 0 0 -1.747662 291.910208 172.671777 410.939474 273.267005 2.000000 1.823255 4.433886 -6.173353 2.031611 16.765504 -2.096016
22 1 Cyclist 0 0 -2.197654 703.182825 175.813928 892.397858 374.000000 1.739063 0.824591 1.785241 1.676059 1.779685 6.943347 -1.972341
23 0 Van 0 0 -1.731227 296.639845 169.034948 411.493239 268.469247 2.000000 1.823255 4.433886 -6.161866 1.953864 16.910204 -2.076262
23 1 Cyclist 0 0 -2.215295 695.805929 175.045702 883.651609 374.000000 1.739063 0.824591 1.785241 1.624215 1.773288 7.034344 -1.999420
24 0 Van 0 0 -1.714746 301.316873 169.619277 412.045017 268.181094 2.000000 1.823255 4.433886 -6.149430 1.965950 17.053965 -2.056509
24 1 Cyclist 0 0 -2.233129 688.619556 174.304678 875.103594 374.000000 1.739063 0.824591 1.785241 1.572371 1.766891 7.125341 -2.026499
25 0 Van 0 0 -1.698218 305.921995 170.196348 412.563625 267.892887 2.000000 1.823255 4.433886 -6.136993 1.978037 17.197726 -2.036756
25 1 Cyclist 0 0 -2.217381 679.098134 172.161527 861.069880 373.778511 1.739063 0.824591 1.785241 1.477971 1.747422 7.216373 -2.025242
26 0 Van 0 0 -1.675611 313.520829 159.696804 414.780052 256.072780 2.000000 1.823255 4.433886 -6.072986 1.753010 17.360436 -2.007943
26 1 Cyclist 0 0 -2.201900 669.797166 170.075950 847.414005 368.669808 1.739063 0.824591 1.785241 1.383570 1.727953 7.307405 -2.023985
27 0 Van 0 0 -1.652918 321.009905 154.092263 416.951807 249.445133 2.000000 1.823255 4.433886 -6.007883 1.631726 17.522061 -1.979131
27 1 Cyclist 0 0 -2.186685 660.709081 168.045656 834.120912 363.705936 1.739063 0.824591 1.785241 1.289170 1.708484 7.398437 -2.022728
28 0 Van 0 0 -1.630140 328.408812 156.477727 419.104321 250.838244 2.000000 1.823255 4.433886 -5.941016 1.677461 17.681942 -1.950319
28 1 Cyclist 0 0 -2.171732 651.826656 166.068480 821.176334 358.880827 1.739063 0.824591 1.785241 1.194770 1.689015 7.489468 -2.021471
29 0 Van 0 0 -1.608719 334.340354 157.421483 422.421905 250.703104 2.000000 1.823255 4.433886 -5.850514 1.692951 17.857237 -1.921507
29 1 Cyclist 0 0 -2.157041 643.142988 164.118351 808.566742 354.188741 1.739063 0.824591 1.785241 1.100370 1.669546 7.580500 -2.020214
30 0 Van 0 0 -1.587190 338.488103 159.797883 425.655778 252.100920 2.000000 1.823255 4.433886 -5.759661 1.741767 18.032184 -1.892695
30 1 Cyclist 0 0 -2.130446 634.540834 163.653629 795.312759 351.594691 1.739063 0.824591 1.785241 0.997298 1.664201 7.655361 -2.007641
31 0 Van 0 0 -1.550067 344.926937 158.820902 431.114997 250.137348 2.000000 1.823255 4.433886 -5.570381 1.717663 18.206312 -1.843510
31 1 Cyclist 0 0 -2.104065 626.121953 163.199565 782.288676 349.054201 1.739063 0.824591 1.785241 0.894226 1.658857 7.730222 -1.995068
32 0 Van 0 0 -1.524181 351.793308 158.390273 436.929618 248.792471 2.000000 1.823255 4.433886 -5.394201 1.705520 18.369245 -1.806513
32 1 Cyclist 0 0 -2.077898 617.880476 162.755840 769.488824 346.565680 1.739063 0.824591 1.785241 0.791155 1.653512 7.805084 -1.982495
33 0 Van 0 0 -1.497903 360.278994 159.071024 448.808853 248.561671 2.000000 1.823255 4.433886 -5.176517 1.718598 18.537312 -1.767138
33 1 Cyclist 0 0 -2.051946 609.810771 162.321833 756.907738 344.127601 1.739063 0.824591 1.785241 0.688083 1.648167 7.879945 -1.969922
34 0 Van 0 0 -1.474526 368.036714 157.652925 459.610368 246.353029 2.000000 1.823255 4.433886 -4.971489 1.683825 18.675023 -1.731800
34 1 Cyclist 0 0 -2.026207 601.907429 161.888070 744.540137 341.738492 1.739063 0.824591 1.785241 0.585011 1.642822 7.954806 -1.957349
35 0 Van 0 0 -1.432934 374.644175 158.555612 472.337049 246.674395 2.000000 1.823255 4.433886 -4.740171 1.703393 18.778498 -1.677493
35 1 Cyclist 0 0 -2.001441 595.878778 162.098541 734.945223 341.092772 1.739063 0.824591 1.785241 0.502101 1.644600 7.989120 -1.942844
36 0 Van 0 0 -1.403480 385.116458 156.864333 486.458715 244.198162 2.000000 1.823255 4.433886 -4.448687 1.661889 18.912463 -1.632032
36 1 Cyclist 0 0 -1.976747 589.923753 162.308147 725.396087 340.448777 1.739063 0.824591 1.785241 0.419190 1.646378 8.023434 -1.928338
37 0 Van 0 0 -1.373923 395.509409 155.197587 500.367897 241.753236 2.000000 1.823255 4.433886 -4.157203 1.620386 19.046428 -1.586571
37 1 Cyclist 0 0 -1.952126 584.040764 162.516888 715.893011 339.806539 1.739063 0.824591 1.785241 0.336279 1.648156 8.057747 -1.913833
38 0 Van 0 0 -1.355040 408.223938 156.585778 515.121518 242.687427 2.000000 1.823255 4.433886 -3.808993 1.651402 19.120641 -1.549703
38 1 Cyclist 0 0 -1.927581 578.228252 162.724762 706.436287 339.166090 1.739063 0.824591 1.785241 0.253368 1.649933 8.092061 -1.899327
39 0 Van 0 0 -1.336146 420.865527 157.971829 529.764197 243.598106 2.000000 1.823255 4.433886 -3.460783 1.682418 19.194854 -1.512835
39 1 Cyclist 0 0 -1.903112 572.484687 162.931768 697.026205 338.527462 1.739063 0.824591 1.785241 0.170457 1.651711 8.126375 -1.884821
40 0 Van 0 0 -1.317230 433.433068 159.355012 544.299114 244.485392 2.000000 1.823255 4.433886 -3.112573 1.713435 19.269068 -1.475967
40 1 Cyclist 0 0 -1.894614 571.316466 164.186232 695.072485 340.287582 1.739063 0.824591 1.785241 0.152269 1.664894 8.107548 -1.878464
41 0 Van 0 0 -1.302886 449.158946 160.904321 561.535012 245.879202 2.000000 1.823255 4.433886 -2.676493 1.749317 19.291872 -1.439670
41 1 Cyclist 0 0 -1.886105 570.146443 165.448622 693.103565 342.055737 1.739063 0.824591 1.785241 0.134081 1.678077 8.088720 -1.872106
42 0 Van 0 0 -1.288622 464.855601 162.457394 578.744723 247.423860 2.000000 1.823255 4.433886 -2.240413 1.785200 19.314677 -1.403373
42 1 Cyclist 0 0 -1.877587 568.974583 166.718999 691.119344 343.831961 1.739063 0.824591 1.785241 0.115893 1.691260 8.069893 -1.865748
43 0 Van 0 1 -1.274418 480.519596 164.013369 595.931504 248.956022 2.000000 1.823255 4.433886 -1.804334 1.821083 19.337482 -1.367077
43 1 Cyclist 0 0 -1.869060 567.800847 167.997420 689.119716 345.616284 1.739063 0.824591 1.785241 0.097706 1.704442 8.051066 -1.859390
44 0 Van 0 1 -1.269531 499.770269 163.278934 615.417909 248.177461 2.000000 1.823255 4.433886 -1.289517 1.803016 19.358767 -1.336048
44 1 Cyclist 0 0 -1.860522 566.625199 169.283949 687.104579 347.408740 1.739063 0.824591 1.785241 0.079518 1.717625 8.032238 -1.853032
45 0 Van 0 2 -1.264679 518.945823 162.547794 634.899744 247.390869 2.000000 1.823255 4.433886 -0.774701 1.784950 19.380053 -1.305020
45 1 Cyclist 0 0 -1.851104 572.311032 168.367076 692.010736 347.057547 1.739063 0.824591 1.785241 0.137309 1.708537 8.007089 -1.836616
46 0 Van 0 2 -1.260976 539.584766 161.199680 656.135276 246.287166 2.000000 1.823255 4.433886 -0.214389 1.753212 19.339197 -1.272862
46 1 Cyclist 0 0 -1.841727 578.029185 167.441722 696.945830 346.697852 1.739063 0.824591 1.785241 0.195101 1.699448 7.981940 -1.820199
47 0 Van 0 2 -1.257411 560.277128 159.846832 677.501941 245.167690 2.000000 1.823255 4.433886 0.345922 1.721474 19.298341 -1.240705
47 1 Cyclist 0 0 -1.832391 583.779938 166.507840 701.910170 346.329628 1.739063 0.824591 1.785241 0.252892 1.690360 7.956791 -1.803782
48 0 Van 0 2 -1.253939 581.018464 158.489775 699.004975 244.032741 2.000000 1.823255 4.433886 0.906234 1.689736 19.257485 -1.208547
48 1 Cyclist 0 0 -1.823095 589.563576 165.565387 706.904066 345.952850 1.739063 0.824591 1.785241 0.310684 1.681272 7.931642 -1.787366
49 0 Van 0 2 -1.250513 601.804476 157.129043 720.649610 242.882650 2.000000 1.823255 4.433886 1.466545 1.657998 19.216629 -1.176389
49 1 Cyclist 0 0 -1.813840 595.380399 164.614323 711.927826 345.567497 1.739063 0.824591 1.785241 0.368475 1.672183 7.906493 -1.770949
50 0 Van 0 2 -1.247085 622.631040 155.765177 742.441079 241.717773 2.000000 1.823255 4.433886 2.026856 1.626259 19.175774 -1.144231
50 1 Cyclist 0 0 -1.802408 605.792671 164.104341 721.150806 345.297272 1.739063 0.824591 1.785241 0.474743 1.667415 7.892890 -1.746485
51 0 Van 0 2 -1.242950 644.316221 155.158237 765.584119 241.515087 2.000000 1.823255 4.433886 2.608513 1.613145 19.092670 -1.110061
51 1 Cyclist 0 0 -1.791000 616.232216 163.591893 730.403241 345.012773 1.739063 0.824591 1.785241 0.581010 1.662646 7.879286 -1.722021
52 0 Van 0 2 -1.238831 666.137741 154.549802 788.993404 241.300166 2.000000 1.823255 4.433886 3.190170 1.600030 19.009566 -1.075890
52 1 Cyclist 0 0 -1.779612 626.699801 163.077061 739.684637 344.714102 1.739063 0.824591 1.785241 0.687278 1.657877 7.865682 -1.697558
53 0 Van 0 2 -1.234673 688.092054 153.940099 812.678083 241.072936 2.000000 1.823255 4.433886 3.771827 1.586915 18.926463 -1.041720
53 1 Cyclist 0 0 -1.768240 637.196218 162.559935 748.994465 344.401374 1.739063 0.824591 1.785241 0.793545 1.653108 7.852079 -1.673094
54 0 Van 0 2 -1.230425 710.175788 153.329359 836.647436 240.833348 2.000000 1.823255 4.433886 4.353483 1.573801 18.843359 -1.007550
54 1 Cyclist 0 0 -1.756879 647.722298 162.040604 758.332160 344.074721 1.739063 0.824591 1.785241 0.899813 1.648340 7.838475 -1.648630
55 0 Van 0 1 -1.226031 732.385772 152.717807 860.910880 240.581375 2.000000 1.823255 4.433886 4.935140 1.560686 18.760256 -0.973379
55 1 Cyclist 0 0 -1.704641 667.752690 161.417550 770.784104 342.499171 1.739063 0.824591 1.785241 1.080956 1.642247 7.853299 -1.574651
56 0 Van 0 0 -1.216075 754.522069 152.319774 886.301229 240.700618 2.000000 1.823255 4.433886 5.514587 1.553145 18.642508 -0.933464
56 1 Cyclist 0 0 -1.652203 687.794349 160.807413 782.944020 341.262086 1.739063 0.824591 1.785241 1.262099 1.636155 7.868123 -1.500672
57 0 Van 0 0 -1.205972 776.868831 151.923077 912.114507 240.807051 2.000000 1.823255 4.433886 6.094033 1.545604 18.524761 -0.893548
57 1 Cyclist 0 0 -1.599546 706.210236 160.211597 794.818560 340.883746 1.739063 0.824591 1.785241 1.443242 1.630062 7.882947 -1.426694
58 0 Van 0 0 -1.195670 799.424313 151.527870 938.366580 240.900463 2.000000 1.823255 4.433886 6.673480 1.538063 18.407014 -0.853633
58 1 Cyclist 0 0 -1.546656 717.747406 159.631412 806.416450 340.387210 1.739063 0.824591 1.785241 1.624386 1.623969 7.897771 -1.352715
59 0 Van 0 0 -1.185120 822.187118 151.134297 965.073653 240.980677 2.000000 1.823255 4.433886 7.252927 1.530522 18.289267 -0.813718
59 1 Cyclist 0 0 -1.536745 738.010347 157.673069 827.130587 338.572904 1.739063 0.824591 1.785241 1.857756 1.604900 7.899165 -1.315524
60 0 Van 0 0 -1.174276 845.156239 150.742486 992.252277 241.047557 2.000000 1.823255 4.433886 7.832373 1.522981 18.171520 -0.773803
60 1 Cyclist 0 0 -1.523546 753.761984 157.199240 843.596634 338.970912 1.739063 0.824591 1.785241 2.039147 1.600756 7.871332 -1.280545
61 0 Van 0 0 -1.166796 866.184807 150.558461 1016.806133 241.196235 2.000000 1.823255 4.433886 8.359084 1.519604 18.080045 -0.740513
61 1 Cyclist 0 0 -1.510261 769.598145 156.725110 860.161033 339.345411 1.739063 0.824591 1.785241 2.220538 1.596612 7.843499 -1.245566
62 0 Van 0 0 -1.158975 887.344384 150.377075 1041.719837 241.336234 2.000000 1.823255 4.433886 8.885795 1.516227 17.988571 -0.707223
62 1 Cyclist 0 0 -1.496870 785.516835 156.250892 877.739888 339.695706 1.739063 0.824591 1.785241 2.401929 1.592467 7.815666 -1.210587
63 0 Van 0 0 -1.150786 908.634643 150.198327 1067.003577 241.467511 2.000000 1.823255 4.433886 9.412506 1.512849 17.897097 -0.673933
63 1 Cyclist 0 0 -1.483355 801.516166 155.776802 896.913671 340.021148 1.739063 0.824591 1.785241 2.583320 1.588323 7.787832 -1.175608
64 0 Van 0 0 -1.142206 930.055522 150.022205 1092.667632 241.590039 2.000000 1.823255 4.433886 9.939216 1.509472 17.805622 -0.640643
64 1 Cyclist 0 0 -1.469696 817.594385 155.303054 916.281812 340.321134 1.739063 0.824591 1.785241 2.764710 1.584178 7.759999 -1.140629
65 0 Van 0 0 -1.133216 951.607253 149.848692 1118.722382 241.703815 2.000000 1.823255 4.433886 10.465927 1.506094 17.714148 -0.607353
65 1 Cyclist 0 0 -1.468300 836.011330 156.247287 935.079331 339.970611 1.739063 0.824591 1.785241 2.982311 1.591726 7.807655 -1.117154
66 0 Van 0 0 -1.131981 971.198382 150.674196 1141.089812 242.648143 2.000000 1.823255 4.433886 10.945658 1.523929 17.664767 -0.585214
66 1 Cyclist 0 0 -1.466299 854.127339 157.180218 953.721940 339.612412 1.739063 0.824591 1.785241 3.199912 1.599274 7.855311 -1.093678
67 0 Van 0 0 -1.130337 990.826921 151.503288 1163.669504 243.590651 2.000000 1.823255 4.433886 11.425389 1.541763 17.615387 -0.563074
67 1 Cyclist 0 0 -1.463700 871.949093 158.101848 972.212417 339.246778 1.739063 0.824591 1.785241 3.417513 1.606822 7.902966 -1.070203
68 0 Van 0 1 -1.136285 1007.269808 152.416952 1181.111262 244.488408 2.000000 1.823255 4.433886 11.829076 1.561183 17.604040 -0.552875
68 1 Cyclist 0 0 -1.460509 889.483192 159.012186 990.553388 338.873953 1.739063 0.824591 1.785241 3.635114 1.614370 7.950622 -1.046727
69 0 Van 0 1 -1.141915 1023.697699 153.330554 1198.613317 245.384924 2.000000 1.823255 4.433886 12.232764 1.580603 17.592693 -0.542676
69 1 Cyclist 0 0 -1.456736 906.736163 159.911243 1008.747339 338.494184 1.739063 0.824591 1.785241 3.852715 1.621918 7.998278 -1.023251
70 0 Van 0 2 -1.147229 1040.110590 154.244054 1216.176041 246.280169 2.000000 1.823255 4.433886 12.636451 1.600024 17.581346 -0.532476
70 1 Cyclist 0 0 -1.467607 919.028751 159.395918 1019.315478 337.011990 1.739063 0.824591 1.785241 3.997807 1.616157 8.036273 -1.021579
71 0 Van 0 2 -1.150786 1051.795876 153.460498 1227.934019 245.038559 2.000000 1.823255 4.433886 12.970269 1.580631 17.649378 -0.525472
71 1 Cyclist 0 0 -1.478217 931.193328 158.886130 1029.793706 335.545677 1.739063 0.824591 1.785241 4.142899 1.610395 8.074268 -1.019906
72 0 Van 0 2 -1.154106 1063.372088 152.684803 1239.620828 243.808811 2.000000 1.823255 4.433886 13.304087 1.561237 17.717411 -0.518468
72 1 Cyclist 0 0 -1.488572 943.231880 158.381789 1040.183170 334.094992 1.739063 0.824591 1.785241 4.287990 1.604634 8.112262 -1.018233
73 0 Van 0 2 -1.157196 1074.840801 151.916866 1241.000000 242.590773 2.000000 1.823255 4.433886 13.637905 1.541844 17.785443 -0.511464
73 1 Cyclist 0 0 -1.498674 955.146347 157.882810 1050.484993 332.659688 1.739063 0.824591 1.785241 4.433082 1.598873 8.150257 -1.016561
74 0 Van 0 3 -1.156926 1082.841889 153.592557 1241.000000 243.443555 2.000000 1.823255 4.433886 13.934043 1.574691 17.921069 -0.504460
74 1 Cyclist 0 0 -1.508530 966.938637 157.389109 1061.261737 331.239522 1.739063 0.824591 1.785241 4.578174 1.593112 8.188252 -1.014888
75 0 Van 0 3 -1.156489 1090.710612 155.238174 1241.000000 244.280562 2.000000 1.823255 4.433886 14.230181 1.607537 18.056696 -0.497456
75 1 Cyclist 0 0 -1.510166 967.918669 159.153733 1060.752021 330.130839 1.739063 0.824591 1.785241 4.647763 1.608511 8.309849 -1.016173
76 0 Van 0 3 -1.175994 1093.359395 157.151782 1241.000000 244.835918 2.000000 1.823255 4.433886 14.447119 1.645779 18.337329 -0.517003
76 1 Cyclist 0 0 -1.511792 968.868913 160.861034 1060.258826 329.058230 1.739063 0.824591 1.785241 4.717352 1.623911 8.431445 -1.017459
77 0 Van 0 3 -1.195501 1095.973133 159.008522 1241.000000 245.371493 2.000000 1.823255 4.433886 14.664058 1.684022 18.617962 -0.536549
77 1 Cyclist 0 0 -1.513408 969.790711 162.513759 1059.781359 328.019961 1.739063 0.824591 1.785241 4.786940 1.639310 8.553042 -1.018744
78 0 Van 0 2 -1.215008 1098.552544 160.810712 1241.000000 245.888066 2.000000 1.823255 4.433886 14.880996 1.722265 18.898595 -0.556095
78 1 Cyclist 0 0 -1.515016 970.685324 164.114483 1059.318875 327.014408 1.739063 0.824591 1.785241 4.856529 1.654709 8.674638 -1.020030
79 0 Van 0 2 -1.234517 1101.098289 162.560538 1241.000000 246.386374 2.000000 1.823255 4.433886 15.097935 1.760508 19.179228 -0.575641
79 1 Cyclist 0 0 -1.516614 971.553940 165.665622 1058.870676 326.040048 1.739063 0.824591 1.785241 4.926118 1.670109 8.796235 -1.021315
80 0 Van 0 2 -1.254027 1103.610976 164.260074 1241.000000 246.867115 2.000000 1.823255 4.433886 15.314873 1.798750 19.459861 -0.595187
80 1 Cyclist 0 0 -1.517823 965.752570 166.935618 1051.080570 324.152283 1.739063 0.824591 1.785241 4.930001 1.682712 8.954395 -1.029396
81 0 Van 0 2 -1.269346 1098.528654 165.793200 1239.076810 246.670850 2.000000 1.823255 4.433886 15.407423 1.833020 19.862595 -0.617364
81 1 Cyclist 0 0 -1.519215 960.182351 169.706358 1043.614973 323.892933 1.739063 0.824591 1.785241 4.934069 1.712831 9.112372 -1.037476
82 0 Van 0 2 -1.284864 1093.662917 167.263913 1228.131508 246.478762 2.000000 1.823255 4.433886 15.499973 1.867289 20.265330 -0.639541
82 1 Cyclist 0 0 -1.520783 954.804789 172.130187 1036.425484 323.399036 1.739063 0.824591 1.785241 4.938108 1.740160 9.270378 -1.045557
83 0 Van 0 2 -1.298905 1087.115233 166.434911 1215.623737 243.892289 2.000000 1.823255 4.433886 15.564713 1.843429 20.705246 -0.661718
83 1 Cyclist 0 0 -1.522522 949.549896 170.152687 1029.428920 318.592500 1.739063 0.824591 1.785241 4.941612 1.716879 9.428913 -1.053638
84 0 Van 0 2 -1.313187 1080.848808 165.642395 1203.649708 241.414519 2.000000 1.823255 4.433886 15.629453 1.819570 21.145163 -0.683895
84 1 Cyclist 0 0 -1.524425 944.487598 169.118887 1022.700709 314.836139 1.739063 0.824591 1.785241 4.945226 1.704017 9.587339 -1.061718
85 0 Van 0 2 -1.327700 1074.847390 164.884183 1192.174603 239.038876 2.000000 1.823255 4.433886 15.694193 1.795710 21.585079 -0.706072
85 1 Cyclist 0 0 -1.529389 936.836465 169.364757 1013.298183 312.350679 1.739063 0.824591 1.785241 4.911032 1.706320 9.752810 -1.076036
86 0 Van 0 2 -1.346575 1063.335072 165.343128 1173.717261 237.575579 2.000000 1.823255 4.433886 15.637236 1.803800 22.137284 -0.738413
86 1 Cyclist 0 0 -1.534574 929.446249 169.601828 1004.233850 309.953771 1.739063 0.824591 1.785241 4.876837 1.708623 9.918281 -1.090354
87 0 Van 0 2 -1.365860 1052.388630 165.780115 1156.186716 236.179681 2.000000 1.823255 4.433886 15.580278 1.811891 22.689488 -0.770755
87 1 Cyclist 0 0 -1.539975 922.304305 169.830563 995.489718 307.640768 1.739063 0.824591 1.785241 4.842643 1.710926 10.083752 -1.104671
88 0 Van 0 2 -1.385538 1041.970401 166.196679 1139.511878 234.846567 2.000000 1.823255 4.433886 15.523321 1.819981 23.241693 -0.803096
88 1 Cyclist 0 0 -1.545584 915.398782 170.051394 987.049041 305.407342 1.739063 0.824591 1.785241 4.808448 1.713229 10.249224 -1.118989
89 0 Van 0 2 -1.405596 1032.045855 166.594219 1123.628849 233.572046 2.000000 1.823255 4.433886 15.466364 1.828072 23.793898 -0.835437
89 1 Cyclist 0 0 -1.551397 908.718562 170.264724 978.896204 303.249461 1.739063 0.824591 1.785241 4.774254 1.715532 10.414695 -1.133306
90 0 Van 0 2 -1.426022 1022.583261 166.974008 1108.480024 232.352300 2.000000 1.823255 4.433886 15.409406 1.836162 24.346102 -0.867779
90 1 Cyclist 0 0 -1.546725 901.204419 170.545314 970.038712 301.505436 1.739063 0.824591 1.785241 4.727437 1.718782 10.560597 -1.137263
91 0 Van 0 2 -1.445029 1007.987936 167.535280 1088.342543 231.316644 2.000000 1.823255 4.433886 15.174484 1.850411 24.924038 -0.903972
91 1 Cyclist 0 0 -1.542219 893.903769 170.817516 961.446389 299.813542 1.739063 0.824591 1.785241 4.680620 1.722033 10.706499 -1.141220
92 0 Van 0 2 -1.464468 994.052754 168.071125 1069.142535 230.323601 2.000000 1.823255 4.433886 14.939562 1.864660 25.501973 -0.940165
92 1 Cyclist 0 0 -1.537876 886.807681 171.081702 953.107512 298.171477 1.739063 0.824591 1.785241 4.633803 1.725283 10.852401 -1.145176
93 0 Van 0 2 -1.484331 980.736953 168.583172 1050.812875 229.370534 2.000000 1.823255 4.433886 14.704640 1.878909 26.079909 -0.976358
93 1 Cyclist 0 0 -1.533693 879.907716 171.338220 945.011043 296.577070 1.739063 0.824591 1.785241 4.586986 1.728533 10.998303 -1.149133
94 0 Van 0 2 -1.504612 968.002930 169.072916 1033.292781 228.455029 2.000000 1.823255 4.433886 14.469718 1.893158 26.657845 -1.012551
94 1 Cyclist 0 0 -1.529665 873.195891 171.587397 937.146571 295.028276 1.739063 0.824591 1.785241 4.540169 1.731784 11.144205 -1.153090
95 0 Van 0 0 -1.525302 955.815916 169.541730 1016.527081 227.574872 2.000000 1.823255 4.433886 14.234796 1.907407 27.235780 -1.048744
95 1 Cyclist 0 0 -1.516860 866.117020 172.024361 929.635854 293.727860 1.739063 0.824591 1.785241 4.493155 1.737732 11.289426 -1.148114
96 0 Van 0 0 -1.535557 941.163412 171.823091 998.784517 228.499606 2.000000 1.823255 4.433886 13.922710 1.986017 27.839630 -1.076699
96 1 Cyclist 0 0 -1.504203 859.233946 172.449230 923.268247 292.463296 1.739063 0.824591 1.785241 4.446142 1.743680 11.434646 -1.143139
97 0 Van 0 0 -1.546261 927.136595 174.000569 983.060120 229.378477 2.000000 1.823255 4.433886 13.610624 2.064628 28.443480 -1.104655
97 1 Cyclist 0 0 -1.491690 852.538727 172.862498 917.047435 291.233121 1.739063 0.824591 1.785241 4.399128 1.749628 11.579866 -1.138163
98 0 Van 0 0 -1.553980 910.417947 173.760176 964.805288 228.055233 2.000000 1.823255 4.433886 13.140336 2.057342 28.967210 -1.132610
98 1 Cyclist 0 0 -1.479319 846.023846 173.264629 910.968348 290.035948 1.739063 0.824591 1.785241 4.352115 1.755577 11.725087 -1.133188
99 0 Van 0 0 -1.562057 894.291008 173.529444 947.229640 226.779508 2.000000 1.823255 4.433886 12.670048 2.050057 29.490941 -1.160565
99 1 Cyclist 0 0 -1.467087 839.682182 173.656068 905.026143 288.870464 1.739063 0.824591 1.785241 4.305102 1.761525 11.870307 -1.128213
100 0 Van 0 1 -1.570496 878.726892 173.307887 930.296897 225.548883 2.000000 1.823255 4.433886 12.199760 2.042771 30.014672 -1.188521
100 1 Cyclist 0 0 -1.457045 835.015903 173.374268 900.845722 287.642462 1.739063 0.824591 1.785241 4.264556 1.757280 11.960378 -1.123425
101 0 Van 0 2 -1.593693 862.773124 172.823722 913.010153 224.065749 2.000000 1.823255 4.433886 11.657798 2.025293 30.549744 -1.233017
101 1 Cyclist 0 0 -1.447061 830.426817 173.097063 896.721659 286.434239 1.739063 0.824591 1.785241 4.224010 1.753034 12.050449 -1.118637
102 0 Van 0 2 -1.617287 844.871776 172.359099 896.318335 222.631344 2.000000 1.823255 4.433886 11.115835 2.007816 31.084816 -1.277514
102 1 Cyclist 0 0 -1.437135 825.913066 172.824345 892.652788 285.245324 1.739063 0.824591 1.785241 4.183464 1.748788 12.140521 -1.113850
103 0 Van 0 2 -1.641282 827.516039 171.913206 880.191375 221.243729 2.000000 1.823255 4.433886 10.573873 1.990338 31.619888 -1.322010
103 1 Cyclist 0 0 -1.427265 821.472853 172.556006 888.637978 284.075260 1.739063 0.824591 1.785241 4.142918 1.744543 12.230592 -1.109062
104 0 Van 0 2 -1.626175 811.210616 171.473691 861.176795 220.025036 2.000000 1.823255 4.433886 9.950850 1.971754 32.086805 -1.328690
104 1 Cyclist 0 0 -1.417450 817.104437 172.291945 884.676125 282.923603 1.739063 0.824591 1.785241 4.102372 1.740297 12.320663 -1.104275
105 0 Van 0 1 -1.611404 795.339646 171.047867 842.752123 218.844098 2.000000 1.823255 4.433886 9.327827 1.953170 32.553722 -1.335369
105 1 Cyclist 0 0 -1.415396 814.032504 172.981635 881.397426 283.022670 1.739063 0.824591 1.785241 4.068226 1.751185 12.381705 -1.106086
106 0 Van 0 0 -1.628222 778.556026 171.242246 826.755092 218.400798 2.000000 1.823255 4.433886 8.692406 1.961174 32.946593 -1.373104
106 1 Cyclist 0 0 -1.413369 810.991618 173.663999 878.149978 283.120653 1.739063 0.824591 1.785241 4.034081 1.762073 12.442747 -1.107898
107 0 Van 0 0 -1.645305 762.154621 171.432636 811.142621 218.054222 2.000000 1.823255 4.433886 8.056986 1.969177 33.339463 -1.410839
107 1 Cyclist 0 0 -1.411370 807.981314 174.339155 874.933333 283.217571 1.739063 0.824591 1.785241 3.999935 1.772961 12.503790 -1.109710
108 0 Van 0 0 -1.662666 746.121391 171.619153 795.901852 217.711323 2.000000 1.823255 4.433886 7.421565 1.977181 33.732334 -1.448573
108 1 Cyclist 0 0 -1.409398 805.001136 175.007214 871.747054 283.313439 1.739063 0.824591 1.785241 3.965789 1.783848 12.564832 -1.111522
109 0 Van 0 0 -1.680316 730.443080 171.801914 781.020359 217.372028 2.000000 1.823255 4.433886 6.786144 1.985185 34.125205 -1.486308
109 1 Cyclist 0 0 -1.407454 802.050638 175.668287 868.590709 283.408275 1.739063 0.824591 1.785241 3.931643 1.794736 12.625874 -1.113333
110 0 Van 0 0 -1.671783 714.655354 171.862232 763.789517 217.025718 2.000000 1.823255 4.433886 6.061219 1.987643 34.423228 -1.499595
110 1 Cyclist 0 0 -1.439326 797.967611 175.189864 860.989777 282.508129 1.739063 0.824591 1.785241 3.843106 1.787559 12.671761 -1.152452
111 0 Van 0 0 -1.663460 699.117094 171.921543 746.880836 216.684974 2.000000 1.823255 4.433886 5.336294 1.990102 34.721251 -1.512881
111 1 Cyclist 0 0 -1.471218 793.948267 174.715900 853.431399 281.602034 1.739063 0.824591 1.785241 3.754569 1.780381 12.717649 -1.191570
112 0 Van 0 0 -1.655361 683.822120 171.979873 730.285736 216.349663 2.000000 1.823255 4.433886 4.611369 1.992560 35.019274 -1.526167
112 1 Cyclist 0 0 -1.503132 789.990302 174.246560 845.916088 280.690463 1.739063 0.824591 1.785241 3.666032 1.773204 12.763536 -1.230689
113 0 Van 0 0 -1.647504 668.764462 172.037249 713.995934 216.019656 2.000000 1.823255 4.433886 3.886444 1.995019 35.317297 -1.539454
113 1 Cyclist 0 0 -1.535067 786.091377 173.782001 839.125144 279.773904 1.739063 0.824591 1.785241 3.577495 1.766026 12.809424 -1.269807
114 0 Van 0 0 -1.639903 653.938348 172.093696 698.003425 215.694826 2.000000 1.823255 4.433886 3.161519 1.997477 35.615320 -1.552740
114 1 Cyclist 0 0 -1.567024 782.249116 173.322370 835.061496 278.852859 1.739063 0.824591 1.785241 3.488957 1.758849 12.855312 -1.308926
115 0 Van 0 0 -1.632570 639.338195 172.149238 682.300476 215.375052 2.000000 1.823255 4.433886 2.436594 1.999936 35.913343 -1.566026
115 1 Cyclist 0 0 -1.587836 773.617869 174.073146 825.967979 278.940820 1.739063 0.824591 1.785241 3.329392 1.771643 12.924461 -1.342369
116 0 Van 0 0 -1.625519 624.958603 172.203899 666.879612 215.060216 2.000000 1.823255 4.433886 1.711669 2.002394 36.211366 -1.579313
116 1 Cyclist 0 0 -1.608700 763.472815 174.815187 816.956272 279.019003 1.739063 0.824591 1.785241 3.169826 1.784437 12.993609 -1.375812
117 0 Van 0 0 -1.618759 610.794349 172.257701 651.733605 214.750206 2.000000 1.823255 4.433886 0.986744 2.004853 36.509389 -1.592599
117 1 Cyclist 0 0 -1.629621 752.962953 175.548481 808.025227 279.087660 1.739063 0.824591 1.785241 3.010260 1.797231 13.062758 -1.409255
118 0 Van 0 0 -1.625133 595.280194 172.299709 636.510473 214.576056 2.000000 1.823255 4.433886 0.210804 2.007036 36.697671 -1.620078
118 1 Cyclist 0 0 -1.650601 742.568964 176.273019 799.173696 279.147051 1.739063 0.824591 1.785241 2.850695 1.810026 13.131907 -1.442698
119 0 Van 0 0 -1.631717 579.907008 172.341744 621.459606 214.401761 2.000000 1.823255 4.433886 -0.565137 2.009219 36.885953 -1.647557
119 1 Cyclist 0 0 -1.671645 732.288751 176.988801 790.400525 279.197444 1.739063 0.824591 1.785241 2.691129 1.822820 13.201056 -1.476141
120 0 Van 0 0 -1.638525 564.671993 172.383805 606.578985 214.227345 2.000000 1.823255 4.433886 -1.341077 2.011402 37.074234 -1.675037
120 1 Cyclist 0 0 -1.688959 715.266090 176.587805 774.396297 278.308601 1.739063 0.824591 1.785241 2.400394 1.816620 13.263856 -1.515058
121 0 Van 0 0 -1.645570 549.572451 172.425890 591.866568 214.052830 2.000000 1.823255 4.433886 -2.117017 2.013586 37.262516 -1.702516
121 1 Cyclist 0 0 -1.706309 698.397872 176.192521 758.539879 277.532137 1.739063 0.824591 1.785241 2.109658 1.810421 13.326655 -1.553975
122 0 Van 0 0 -1.652866 534.605795 172.467997 577.320299 213.878242 2.000000 1.823255 4.433886 -2.892958 2.015769 37.450798 -1.729995
122 1 Cyclist 0 0 -1.723716 681.680222 175.802998 742.830938 276.750591 1.739063 0.824591 1.785241 1.818923 1.804221 13.389455 -1.592892
123 0 Van 0 0 -1.660424 519.769520 172.510124 562.938088 213.703606 2.000000 1.823255 4.433886 -3.668898 2.017952 37.639080 -1.757474
123 1 Cyclist 0 0 -1.741197 665.109458 175.419277 727.269022 275.964118 1.739063 0.824591 1.785241 1.528187 1.798022 13.452254 -1.631809
124 0 Van 0 0 -1.652862 504.592739 172.556715 547.102858 213.640656 2.000000 1.823255 4.433886 -4.487671 2.020306 37.734433 -1.770955
124 1 Cyclist 0 0 -1.758773 648.682082 175.041388 711.853539 275.172897 1.739063 0.824591 1.785241 1.237452 1.791822 13.515054 -1.670726
125 0 Van 0 0 -1.645509 489.478364 172.603142 531.363477 213.577604 2.000000 1.823255 4.433886 -5.306443 2.022661 37.829787 -1.784435
125 1 Cyclist 0 0 -1.759161 630.199835 174.765748 693.161176 274.883109 1.739063 0.824591 1.785241 0.890260 1.787120 13.523073 -1.696148
126 0 Van 0 0 -1.638380 474.425719 172.649406 515.719407 213.514453 2.000000 1.823255 4.433886 -6.125216 2.025015 37.925141 -1.797915
126 1 Cyclist 0 0 -1.759498 611.721840 174.491469 674.508669 274.588681 1.739063 0.824591 1.785241 0.543067 1.782419 13.531092 -1.721570
127 0 Van 0 0 -1.631487 459.434146 172.695508 500.170107 213.451207 2.000000 1.823255 4.433886 -6.943989 2.027370 38.020494 -1.811396
127 1 Cyclist 0 0 -1.759816 593.246715 174.218581 655.897445 274.289629 1.739063 0.824591 1.785241 0.195875 1.777717 13.539111 -1.746992
128 0 Van 0 0 -1.624845 444.502995 172.741447 484.715031 213.387870 2.000000 1.823255 4.433886 -7.762761 2.029724 38.115848 -1.824876
128 1 Cyclist 0 0 -1.760146 574.773114 173.947115 637.328879 273.985978 1.739063 0.824591 1.785241 -0.151318 1.773016 13.547130 -1.772414
129 0 Van 0 0 -1.612891 438.058010 172.818655 477.168328 213.287541 2.000000 1.823255 4.433886 -8.164352 2.033578 38.273813 -1.822111
129 1 Cyclist 0 0 -1.760521 556.299718 173.677100 618.804279 273.677753 1.739063 0.824591 1.785241 -0.498510 1.768314 13.555149 -1.797835
130 0 Van 0 0 -1.601047 431.664850 172.895218 469.685126 213.188078 2.000000 1.823255 4.433886 -8.565944 2.037432 38.431778 -1.819345
130 1 Cyclist 0 0 -1.749528 544.299278 174.645473 605.882151 274.704918 1.739063 0.824591 1.785241 -0.731944 1.785500 13.550526 -1.803696
131 0 Van 0 0 -1.589312 424.918199 172.971143 462.264635 213.089472 2.000000 1.823255 4.433886 -8.967535 2.041286 38.589743 -1.816579
131 1 Cyclist 0 0 -1.738554 532.286072 175.614032 592.956699 275.732772 1.739063 0.824591 1.785241 -0.965378 1.802686 13.545903 -1.809556
132 0 Van 0 0 -1.584239 423.028963 172.928279 460.155685 212.780537 2.000000 1.823255 4.433886 -9.118553 2.039116 38.831254 -1.813814
132 1 Cyclist 0 0 -1.732705 523.864732 176.483440 583.990447 276.525534 1.739063 0.824591 1.785241 -1.129240 1.818196 13.558219 -1.815417
133 0 Van 0 0 -1.579287 418.959034 172.927611 456.070559 212.713464 2.000000 1.823255 4.433886 -9.340582 2.039088 38.892100 -1.813886
133 1 Cyclist 0 0 -1.726899 515.454513 177.350710 575.045349 277.316626 1.739063 0.824591 1.785241 -1.293103 1.833706 13.570535 -1.821277
134 0 Van 0 0 -1.583558 422.496059 172.043109 459.342794 211.573815 2.000000 1.823255 4.433886 -9.220050 1.993499 39.117550 -1.813958
134 1 Cyclist 0 0 -1.721140 507.055359 178.215845 566.121375 278.106045 1.739063 0.824591 1.785241 -1.456965 1.849215 13.582851 -1.827138
135 0 Van 0 0 -1.587789 425.989979 171.169266 462.575574 210.448062 2.000000 1.823255 4.433886 -9.099519 1.947909 39.343001 -1.814029
135 1 Cyclist 0 0 -1.706419 505.736781 176.236030 563.606494 276.246470 1.739063 0.824591 1.785241 -1.490540 1.813816 13.561603 -1.814950
136 0 Van 0 0 -1.591982 429.441578 170.305890 465.769609 209.335953 2.000000 1.823255 4.433886 -8.978987 1.902320 39.568451 -1.814101
136 1 Cyclist 0 0 -1.691692 504.419453 174.247404 561.075530 274.380169 1.739063 0.824591 1.785241 -1.524115 1.778417 13.540356 -1.802762
137 0 Van 0 0 -1.590131 437.010839 169.346680 473.027320 208.101677 2.000000 1.823255 4.433886 -8.622882 1.851026 39.823725 -1.802405
137 1 Cyclist 0 0 -1.682071 506.731799 172.087892 562.535086 272.211206 1.739063 0.824591 1.785241 -1.488018 1.740135 13.535587 -1.790575
138 0 Van 0 0 -1.588197 444.478400 168.399604 480.191377 206.884149 2.000000 1.823255 4.433886 -8.266776 1.799733 40.079000 -1.790709
138 1 Cyclist 0 0 -1.672454 509.046965 169.924434 563.992811 270.040411 1.739063 0.824591 1.785241 -1.451921 1.701853 13.530817 -1.778387
139 0 Van 0 0 -1.586179 451.846223 167.464456 487.263448 205.683056 2.000000 1.823255 4.433886 -7.910670 1.748439 40.334274 -1.779013
139 1 Cyclist 0 0 -1.662840 511.364927 167.757076 565.448743 267.867859 1.739063 0.824591 1.785241 -1.415824 1.663571 13.526048 -1.766199
140 0 Van 0 0 -1.588404 462.596258 168.479981 497.662221 206.420340 2.000000 1.823255 4.433886 -7.377377 1.800699 40.625628 -1.767317
140 1 Cyclist 0 0 -1.662226 515.517146 168.494275 569.561886 268.664179 1.739063 0.824591 1.785241 -1.337755 1.676647 13.519163 -1.760048
141 0 Van 0 0 -1.590500 473.183385 169.481233 507.910971 207.146050 2.000000 1.823255 4.433886 -6.844083 1.852960 40.916983 -1.755621
141 1 Cyclist 0 0 -1.661623 519.672204 169.232720 573.680629 269.460928 1.739063 0.824591 1.785241 -1.259687 1.689723 13.512279 -1.753898
142 0 Van 0 0 -1.588523 482.684192 169.493093 517.110801 206.893323 2.000000 1.823255 4.433886 -6.351123 1.852295 41.191189 -1.740983
142 1 Cyclist 0 0 -1.661032 523.830120 169.972410 577.804968 270.258100 1.739063 0.824591 1.785241 -1.181619 1.702800 13.505394 -1.747747
143 0 Van 0 0 -1.586427 492.051912 169.504973 526.187368 206.643876 2.000000 1.823255 4.433886 -5.858162 1.851630 41.465395 -1.726346
143 1 Cyclist 0 0 -1.660451 527.990912 170.713341 581.934897 271.055689 1.739063 0.824591 1.785241 -1.103550 1.715876 13.498509 -1.741596
144 0 Van 0 0 -1.584211 501.289174 169.516870 535.142880 206.397646 2.000000 1.823255 4.433886 -5.365202 1.850965 41.739601 -1.711708
144 1 Cyclist 0 0 -1.659880 532.154598 171.455512 586.070411 271.853689 1.739063 0.824591 1.785241 -1.025482 1.728952 13.491624 -1.735446
145 0 Van 0 0 -1.584800 509.989028 167.880735 543.617448 204.548416 2.000000 1.823255 4.433886 -4.894958 1.759441 41.957040 -1.700661
145 1 Cyclist 0 0 -1.656043 537.863361 170.041813 591.465587 270.490828 1.739063 0.824591 1.785241 -0.920979 1.704102 13.481165 -1.724098
146 0 Van 0 0 -1.585302 518.593129 166.261375 552.003437 202.719803 2.000000 1.823255 4.433886 -4.424714 1.667916 42.174479 -1.689613
146 1 Cyclist 0 0 -1.652224 543.578543 168.624529 596.871108 269.125466 1.739063 0.824591 1.785241 -0.816477 1.679252 13.470706 -1.712751
147 0 Van 0 0 -1.585583 527.012219 165.761275 560.212822 202.021354 2.000000 1.823255 4.433886 -3.959365 1.638009 42.390614 -1.678566
147 1 Cyclist 0 0 -1.648425 549.300215 167.203684 602.286946 267.757640 1.739063 0.824591 1.785241 -0.711974 1.654402 13.460247 -1.701404
148 0 Van 0 1 -1.585774 535.340037 165.266318 568.337518 201.330483 2.000000 1.823255 4.433886 -3.494016 1.608101 42.606748 -1.667519
148 1 Cyclist 0 0 -1.644643 555.028444 165.779300 607.713075 266.387387 1.739063 0.824591 1.785241 -0.607472 1.629553 13.449788 -1.690056
149 0 Van 0 1 -1.585873 543.577974 164.776437 576.378694 200.647079 2.000000 1.823255 4.433886 -3.028667 1.578194 42.822882 -1.656472
149 1 Cyclist 0 0 -1.640878 560.763302 164.351398 613.149466 265.014746 1.739063 0.824591 1.785241 -0.502969 1.604703 13.439329 -1.678709
150 0 Van 0 1 -1.585878 551.727394 164.291564 584.337498 199.971034 2.000000 1.823255 4.433886 -2.563318 1.548286 43.039017 -1.645425
150 1 Cyclist 0 0 -1.626136 565.100759 166.268776 616.235079 267.136471 1.739063 0.824591 1.785241 -0.432672 1.638496 13.412023 -1.658943
151 0 Van 0 1 -1.582190 557.003184 165.677241 589.526385 201.274334 2.000000 1.823255 4.433886 -2.247927 1.625858 43.139691 -1.634378
151 1 Cyclist 0 0 -1.611416 569.457563 168.197948 619.327725 269.262661 1.739063 0.824591 1.785241 -0.362374 1.672289 13.384716 -1.639178
152 0 Van 0 1 -1.578474 562.252888 167.057029 594.690646 202.570531 2.000000 1.823255 4.433886 -1.932536 1.703430 43.240366 -1.623330
152 1 Cyclist 0 0 -1.596717 573.720843 170.138865 622.427599 271.393167 1.739063 0.824591 1.785241 -0.292077 1.706082 13.357410 -1.619412
153 0 Van 0 1 -1.574728 567.476659 168.430941 599.830393 203.859657 2.000000 1.823255 4.433886 -1.617146 1.781002 43.341040 -1.612283
153 1 Cyclist 0 0 -1.582040 576.698660 172.091469 625.534894 273.527842 1.739063 0.824591 1.785241 -0.221780 1.739875 13.330103 -1.599646
