35 8 Car 0 0 1.650751 552.938740 179.131838 581.721115 199.335392 1.406945 1.755342 4.396943 -3.116691 1.881843 53.086675 1.591971
36 8 Car 0 0 1.654157 549.804150 178.340083 579.833236 199.302079 1.406945 1.755342 4.396943 -3.185447 1.812004 51.245510 1.591971
37 8 Car 0 0 1.657814 546.425233 177.486565 577.810596 199.266168 1.406945 1.755342 4.396943 -3.254202 1.742165 49.404344 1.591971
38 8 Car 0 0 1.662605 542.134625 178.120161 575.056363 200.783032 1.406945 1.755342 4.396943 -3.363067 1.770178 47.563037 1.591971
39 8 Car 0 0 1.667775 537.481284 178.807368 572.090396 202.428177 1.406945 1.755342 4.396943 -3.471932 1.798191 45.721730 1.591971
40 8 Car 0 0 1.673372 532.417182 179.555290 568.887306 204.218594 1.406945 1.755342 4.396943 -3.580797 1.826204 43.880423 1.591971
41 8 Car 0 0 1.678905 527.338634 179.427445 565.752144 205.175008 1.406945 1.755342 4.396943 -3.674324 1.802820 42.124331 1.591971
42 8 Car 0 0 1.684910 521.793234 179.287836 562.358199 206.219376 1.406945 1.755342 4.396943 -3.767852 1.779437 40.368240 1.591971
43 8 Car 0 0 1.691449 515.713507 179.134761 558.672051 207.364414 1.406945 1.755342 4.396943 -3.861379 1.756053 38.612149 1.591971
44 8 Car 0 0 1.697841 509.616838 179.834556 555.187413 209.494125 1.406945 1.755342 4.396943 -3.925982 1.774369 36.855013 1.591971
45 8 Car 0 0 1.704593 503.077024 180.567206 551.557757 211.854178 1.406945 1.755342 4.396943 -3.981090 1.792811 35.097671 1.591971
46 8 Car 0 0 1.709691 497.720387 180.555143 549.126335 213.511015 1.406945 1.755342 4.396943 -3.966946 1.774377 33.428924 1.591971
47 8 Car 0 0 1.716549 490.786990 181.276593 545.606754 216.197475 1.406945 1.755342 4.396943 -3.992789 1.790524 31.760678 1.591971
48 8 Car 0 0 1.724147 483.025356 182.072591 541.723322 219.205018 1.406945 1.755342 4.396943 -4.018632 1.806672 30.092433 1.591971
49 8 Car 0 0 1.732610 474.302347 185.416899 537.439983 225.468221 1.406945 1.755342 4.396943 -4.043372 1.927265 28.423096 1.591971
50 8 Car 0 0 1.742092 464.395082 189.146887 532.662421 232.582240 1.406945 1.755342 4.396943 -4.068111 2.047859 26.753759 1.591971
51 8 Car 0 0 1.748080 455.104470 187.395633 528.491333 233.462924 1.406945 1.755342 4.396943 -4.053847 1.945933 25.184562 1.589453
52 8 Car 0 0 1.755159 444.440170 184.151680 523.801502 232.929771 1.406945 1.755342 4.396943 -4.040068 1.798211 23.615844 1.586935
53 8 Car 0 0 1.763548 432.145020 186.072518 518.556874 239.134525 1.406945 1.755342 4.396943 -4.024305 1.838125 22.045164 1.584417
54 8 Car 0 0 1.773534 417.731679 187.707131 512.581124 245.721549 1.406945 1.755342 4.396943 -4.008726 1.860695 20.474666 1.581898
55 8 Car 0 0 1.785489 400.601762 188.829902 505.709893 252.593977 1.406945 1.755342 4.396943 -3.993381 1.861188 18.904399 1.579380
55 12 Car 0 2 1.719626 472.742075 185.804210 527.997786 225.152816 1.414443 1.655112 3.354591 -4.286946 1.945909 28.394980 1.570532
56 8 Car 0 0 1.795515 383.650235 189.324249 499.326999 258.977359 1.406945 1.755342 4.396943 -3.961577 1.844112 17.524636 1.575660
56 12 Car 0 2 1.727731 464.346800 186.301070 523.903145 228.391718 1.414443 1.655112 3.354591 -4.255693 1.934929 26.694024 1.570532
57 8 Car 0 0 1.807743 363.342160 189.892741 491.985592 266.626285 1.406945 1.755342 4.396943 -3.929774 1.827036 16.144873 1.571940
57 12 Car 0 2 1.736901 454.727523 186.861264 519.286270 232.103140 1.414443 1.655112 3.354591 -4.224439 1.923949 24.993068 1.570532
58 8 Car 0 0 1.822737 338.570794 190.553409 483.452372 275.958523 1.406945 1.755342 4.396943 -3.897970 1.809961 14.765111 1.568220
58 12 Car 0 2 1.747359 443.595511 187.497728 514.040446 236.398623 1.414443 1.655112 3.354591 -4.193185 1.912969 23.292112 1.570532
59 8 Car 0 0 1.841268 307.682765 191.330647 473.411645 287.598455 1.406945 1.755342 4.396943 -3.866167 1.792885 13.385348 1.564501
59 12 Car 0 2 1.759395 430.563475 188.227174 508.027760 241.427807 1.414443 1.655112 3.354591 -4.161931 1.901989 21.591155 1.570532
60 8 Car 0 0 1.864413 268.093021 192.258287 461.425411 302.522827 1.406945 1.755342 4.396943 -3.834363 1.775810 12.005586 1.560781
60 12 Car 0 1 1.773390 415.099575 189.071585 501.066796 247.396232 1.414443 1.655112 3.354591 -4.130677 1.891009 19.890199 1.570532
61 8 Car 0 0 1.894612 213.996105 194.752825 445.125649 324.034320 1.406945 1.755342 4.396943 -3.837393 1.783927 10.653092 1.555881
61 12 Car 0 1 1.787001 399.442602 186.736153 494.474106 249.850889 1.414443 1.655112 3.354591 -4.087374 1.792146 18.383047 1.570532
62 8 Car 0 0 1.927481 147.432921 197.556130 428.649848 352.072919 1.406945 1.755342 4.396943 -3.796765 1.789632 9.358371 1.550981
62 12 Car 0 1 1.802899 380.698718 185.686769 486.825114 254.828524 1.414443 1.655112 3.354591 -4.043618 1.736133 16.875447 1.570532
63 8 Car 0 0 1.974811 41.252128 201.387794 406.315047 374.000000 1.406945 1.755342 4.396943 -3.748544 1.795475 7.949548 1.546082
63 12 Car 0 1 1.821705 357.871521 189.046913 477.863075 266.634273 1.414443 1.655112 3.354591 -3.998715 1.788754 15.366711 1.570532
64 8 Car 1 0 2.036554 0.000000 206.223063 378.013806 374.000000 1.406945 1.755342 4.396943 -3.704120 1.801250 6.597777 1.541182
64 12 Car 0 1 1.844277 329.362957 188.887344 467.125129 276.031910 1.414443 1.655112 3.354591 -3.954761 1.751476 13.858915 1.570532
65 8 Car 1 0 2.122553 0.000000 212.798547 339.504567 374.000000 1.406945 1.755342 4.396943 -3.659696 1.807024 5.246005 1.536282
65 12 Car 0 1 1.871842 292.857784 194.363205 454.126543 295.553832 1.414443 1.655112 3.354591 -3.909641 1.824533 12.349966 1.570532
66 8 Car 1 0 2.234855 0.000000 221.339428 284.587356 374.000000 1.406945 1.755342 4.396943 -3.615262 1.807762 3.933801 1.524641
66 12 Car 0 1 1.905394 246.534921 197.713391 437.817406 315.300741 1.414443 1.655112 3.354591 -3.895295 1.841765 10.957356 1.570532
67 8 Car 1 0 2.401968 0.000000 235.744398 200.098183 374.000000 1.406945 1.755342 4.396943 -3.570735 1.817317 2.621505 1.513000
67 12 Car 0 0 1.947301 183.874721 199.334419 417.448749 338.360741 1.414443 1.655112 3.354591 -3.881370 1.819096 9.565164 1.570532
68 12 Car 0 0 2.000904 94.435262 203.112772 391.336677 373.889037 1.414443 1.655112 3.354591 -3.867199 1.819666 8.172729 1.570532
69 12 Car 0 0 2.071408 0.000000 207.343103 356.623924 374.000000 1.414443 1.655112 3.354591 -3.853126 1.810966 6.780390 1.570532
70 12 Car 1 0 2.167123 0.000000 217.526505 308.261777 374.000000 1.414443 1.655112 3.354591 -3.838609 1.844350 5.387612 1.570532
71 12 Car 1 0 2.287276 0.000000 229.272207 243.925330 374.000000 1.414443 1.655112 3.354591 -3.824444 1.860422 4.118656 1.570532
72 12 Car 1 0 2.454202 0.000000 242.533481 143.588109 374.000000 1.414443 1.655112 3.354591 -3.810614 1.844757 2.850031 1.570532
109 96 Car 0 0 -2.176284 566.289695 175.705811 606.958628 191.951839 1.500000 1.708670 4.351549 -2.287566 1.802835 69.218225 -2.209552
110 96 Car 0 0 -2.211246 561.267064 175.431720 603.373651 191.862763 1.500000 1.708670 4.351549 -2.667835 1.773974 68.383550 -2.250442
111 96 Car 0 0 -2.246065 556.144468 175.151966 599.670927 191.770973 1.500000 1.708670 4.351549 -3.048105 1.745114 67.548874 -2.291332
112 96 Car 0 0 -2.280736 550.918333 174.866376 595.845885 191.676410 1.500000 1.708670 4.351549 -3.428374 1.716253 66.714199 -2.332222
113 96 Car 0 0 -2.371257 543.031492 175.077476 590.630333 192.099896 1.500000 1.708670 4.351549 -3.970865 1.731803 65.733553 -2.431697
114 96 Car 0 0 -2.461517 535.088163 175.296802 585.048141 192.532646 1.500000 1.708670 4.351549 -4.513355 1.747353 64.752906 -2.531172
115 96 Car 0 1 -2.551508 527.092471 175.510150 579.079751 193.008754 1.500000 1.708670 4.351549 -5.055846 1.762903 63.772259 -2.630647
116 96 Car 0 1 -2.641219 519.047476 175.727172 572.706573 193.550394 1.500000 1.708670 4.351549 -5.598337 1.778453 62.791613 -2.730122
117 96 Car 0 1 -2.673577 511.366406 175.149149 566.124213 193.296035 1.500000 1.708670 4.351549 -6.118458 1.726521 61.803648 -2.772179
118 96 Car 0 1 -2.705640 503.459689 174.553923 559.300650 193.032052 1.500000 1.708670 4.351549 -6.638580 1.674590 60.815683 -2.814235
119 96 Car 0 2 -2.737398 495.315281 173.940770 552.225040 192.757881 1.500000 1.708670 4.351549 -7.158701 1.622658 59.827718 -2.856292
120 96 Car 0 2 -2.768838 486.920256 173.308922 544.885892 192.472926 1.500000 1.708670 4.351549 -7.678822 1.570726 58.839754 -2.898349
130 44 Pedestrian 0 2 -1.735366 725.758871 153.757031 741.758871 200.836922 1.962428 0.675312 0.799575 5.138669 1.171169 30.570522 -1.570796
130 45 Pedestrian 0 2 -1.757542 744.446871 154.286115 756.780204 201.410097 1.939386 0.653798 0.742610 5.766661 1.179751 30.157892 -1.570796
131 44 Pedestrian 0 2 -1.739962 728.899785 154.692277 744.356566 203.266370 1.962428 0.675312 0.799575 5.126705 1.233659 29.642739 -1.570796
131 45 Pedestrian 0 2 -1.762847 745.876937 155.066954 759.431939 203.647287 1.939386 0.653798 0.742610 5.761083 1.234017 29.265184 -1.570796
132 44 Pedestrian 0 2 -1.744844 732.249631 155.688763 746.582965 205.855010 1.962428 0.675312 0.799575 5.114741 1.296149 28.714955 -1.570796
132 45 Pedestrian 0 2 -1.768470 747.429972 155.897541 761.763305 206.027111 1.939386 0.653798 0.742610 5.755504 1.288283 28.372476 -1.570796
133 44 Pedestrian 0 2 -1.750039 735.786475 156.752706 751.565864 208.619019 1.962428 0.675312 0.799575 5.102776 1.358639 27.787172 -1.570796
133 45 Pedestrian 0 2 -1.774440 751.903205 156.782785 769.013114 208.563659 1.939386 0.653798 0.742610 5.749925 1.342549 27.479768 -1.570796
134 44 Pedestrian 0 2 -1.755579 739.586996 157.891195 756.253663 211.576843 1.962428 0.675312 0.799575 5.090812 1.421129 26.859388 -1.570796
134 45 Pedestrian 0 2 -1.780791 756.720172 157.728265 776.053506 211.272939 1.939386 0.653798 0.742610 5.744347 1.396815 26.587060 -1.570796
135 44 Pedestrian 0 2 -1.761497 747.955379 159.112352 764.139819 214.749608 1.962428 0.675312 0.799575 5.078847 1.483619 25.931605 -1.570796
135 45 Pedestrian 0 2 -1.787558 760.781733 158.740347 778.684286 214.173217 1.939386 0.653798 0.742610 5.738768 1.451082 25.694352 -1.570796
136 44 Pedestrian 0 2 -1.767373 755.944869 158.227271 770.944869 215.840203 1.962428 0.675312 0.799575 5.064126 1.470029 25.055652 -1.570796
136 45 Pedestrian 0 2 -1.793314 763.743203 157.836011 779.409870 215.294067 1.939386 0.653798 0.742610 5.693445 1.437900 24.801391 -1.570796
137 44 Pedestrian 0 2 -1.773655 756.721977 157.277048 774.710399 217.011134 1.962428 0.675312 0.799575 5.049405 1.456438 24.179699 -1.570796
137 45 Pedestrian 0 2 -1.799478 771.429428 156.863123 788.271142 216.499954 1.939386 0.653798 0.742610 5.648123 1.424719 23.908429 -1.570796
138 44 Pedestrian 0 2 -1.780385 757.460512 156.254218 777.793846 218.271618 1.962428 0.675312 0.799575 5.034684 1.442848 23.303746 -1.570796
138 45 Pedestrian 0 2 -1.806095 779.554053 155.813583 796.887386 217.800936 1.939386 0.653798 0.742610 5.602800 1.411538 23.015467 -1.570796
139 44 Pedestrian 0 2 -1.787613 761.755107 155.150126 783.563355 219.632336 1.962428 0.675312 0.799575 5.019963 1.429258 22.427793 -1.570796
139 45 Pedestrian 0 2 -1.813215 783.416035 154.677959 803.828587 219.208725 1.939386 0.653798 0.742610 5.557477 1.398356 22.122506 -1.570796
140 44 Pedestrian 0 2 -1.795394 765.967926 153.954690 788.301260 221.105741 1.962428 0.675312 0.799575 5.005242 1.415667 21.551840 -1.570796
140 45 Pedestrian 0 2 -1.820898 787.074569 153.445208 809.741236 220.737034 1.939386 0.653798 0.742610 5.512155 1.385175 21.229544 -1.570796
141 44 Pedestrian 0 2 -1.802020 777.485608 153.938982 799.323352 223.702318 1.962428 0.675312 0.799575 4.971400 1.435972 20.759693 -1.570796
141 45 Pedestrian 0 2 -1.829728 793.205066 152.548844 818.098615 222.616621 1.939386 0.653798 0.742610 5.495886 1.382500 20.402811 -1.570796
142 44 Pedestrian 0 1 -1.809140 789.151893 153.922005 809.485226 226.509097 1.962428 0.675312 0.799575 4.937557 1.456278 19.967545 -1.570796
142 45 Pedestrian 0 2 -1.839246 799.707898 151.575399 825.707897 224.658011 1.939386 0.653798 0.742610 5.479617 1.379825 19.576078 -1.570796
143 44 Pedestrian 0 2 -1.816813 789.832095 153.903597 813.667855 229.552677 1.962428 0.675312 0.799575 4.903714 1.476583 19.175398 -1.570796
143 45 Pedestrian 0 2 -1.849534 807.761151 150.514482 834.635823 226.883036 1.939386 0.653798 0.742610 5.463348 1.377149 18.749345 -1.570796
144 44 Pedestrian 0 2 -1.825102 790.073164 153.883569 816.406498 232.864347 1.962428 0.675312 0.799575 4.869872 1.496888 18.383250 -1.570796
144 45 Pedestrian 0 2 -1.860688 816.077320 149.353750 842.410653 229.317642 1.939386 0.653798 0.742610 5.447079 1.374474 17.922612 -1.570796
145 44 Pedestrian 0 2 -1.834086 797.948685 153.861698 825.166461 236.481159 1.962428 0.675312 0.799575 4.836029 1.517193 17.591103 -1.570796
145 45 Pedestrian 0 2 -1.872818 827.039593 148.078420 853.837203 231.992902 1.939386 0.653798 0.742610 5.430810 1.371799 17.095879 -1.570796
146 44 Pedestrian 0 2 -1.800943 806.309477 152.556801 832.976143 239.075781 1.962428 0.675312 0.799575 4.802395 1.508385 16.810265 -1.528026
146 45 Pedestrian 0 2 -1.849555 837.459078 146.799325 863.125745 234.662769 1.939386 0.653798 0.742610 5.399503 1.369749 16.340884 -1.536389
147 44 Pedestrian 0 2 -1.768663 813.242579 151.120836 843.284032 241.921129 1.962428 0.675312 0.799575 4.768760 1.499576 16.029428 -1.485256
147 45 Pedestrian 0 2 -1.827261 845.767030 145.392667 876.600669 237.591345 1.939386 0.653798 0.742610 5.368195 1.367699 15.585889 -1.501982
148 44 Pedestrian 0 2 -1.737363 820.873102 149.533002 853.539768 245.088456 1.962428 0.675312 0.799575 4.735126 1.490768 15.248590 -1.442486
148 45 Pedestrian 0 2 -1.806063 854.662037 143.838327 889.662038 240.818205 1.939386 0.653798 0.742610 5.336888 1.365649 14.830894 -1.467574
149 44 Pedestrian 0 2 -1.707185 831.032245 147.767854 864.239748 248.722927 1.962428 0.675312 0.799575 4.701491 1.481960 14.467753 -1.399716
149 45 Pedestrian 0 2 -1.786113 869.455016 142.111720 902.094013 244.450625 1.939386 0.653798 0.742610 5.305581 1.363599 14.075899 -1.433167
150 44 Pedestrian 0 2 -1.678296 841.936141 145.793924 874.602807 252.788731 1.962428 0.675312 0.799575 4.667857 1.473152 13.686915 -1.356946
150 45 Pedestrian 0 2 -1.767587 885.260386 140.182484 913.927054 248.579562 1.939386 0.653798 0.742610 5.274273 1.361549 13.320904 -1.398760
151 44 Pedestrian 0 2 -1.693634 851.632392 143.403219 891.875524 256.435054 1.962428 0.675312 0.799575 4.659482 1.458111 12.980011 -1.356946
151 45 Pedestrian 0 2 -1.785429 895.388642 138.447088 933.495722 252.969606 1.939386 0.653798 0.742610 5.274173 1.363391 12.630518 -1.398760
152 44 Pedestrian 0 2 -1.710506 861.602178 140.726897 906.935513 260.517758 1.962428 0.675312 0.799575 4.651108 1.443070 12.273106 -1.356946
152 45 Pedestrian 0 2 -1.804985 905.760773 136.504075 951.094107 257.885785 1.939386 0.653798 0.742610 5.274072 1.365233 11.940132 -1.398760
153 44 Pedestrian 0 2 -1.729144 877.091903 137.710522 925.403432 265.120168 1.962428 0.675312 0.799575 4.642734 1.428029 11.566202 -1.356946
153 45 Pedestrian 0 2 -1.826497 925.666328 134.313816 975.841643 263.428713 1.939386 0.653798 0.742610 5.273972 1.367075 11.249747 -1.398760
154 44 Pedestrian 0 1 -1.749826 893.894714 134.284887 941.228048 270.348262 1.962428 0.675312 0.799575 4.634359 1.412987 10.859298 -1.356946
154 45 Pedestrian 0 2 -1.850250 946.902103 131.825912 997.902102 269.726402 1.939386 0.653798 0.742610 5.273872 1.368917 10.559361 -1.398760
155 44 Pedestrian 0 1 -1.772886 913.141871 130.360637 970.387475 276.338935 1.962428 0.675312 0.799575 4.625985 1.397946 10.152393 -1.356946
155 45 Pedestrian 0 1 -1.876584 971.102748 128.975267 1028.576898 276.944274 1.939386 0.653798 0.742610 5.273771 1.370759 9.868975 -1.398760
156 44 Pedestrian 0 0 -1.779816 933.036195 128.453657 995.369528 284.080243 1.962428 0.675312 0.799575 4.642632 1.409228 9.555238 -1.340301
156 45 Pedestrian 0 1 -1.866767 993.767378 126.124535 1052.434046 284.089706 1.939386 0.653798 0.742610 5.271346 1.372031 9.279266 -1.364293
157 44 Pedestrian 0 0 -1.789175 958.702778 125.077133 1025.860444 291.709316 1.962428 0.675312 0.799575 4.659130 1.406334 8.958231 -1.323656
157 45 Pedestrian 0 0 -1.859404 1031.268985 122.865276 1096.201150 292.264576 1.939386 0.653798 0.742610 5.268920 1.373303 8.689556 -1.329827
158 44 Pedestrian 0 0 -1.802881 987.593190 123.047608 1053.926525 302.460889 1.962428 0.675312 0.799575 4.691084 1.424118 8.356889 -1.307010
158 45 Pedestrian 0 0 -1.854834 1070.658141 119.102752 1136.991474 301.708230 1.939386 0.653798 0.742610 5.266494 1.374574 8.099847 -1.295361
159 44 Pedestrian 0 0 -1.816660 1018.837482 118.838254 1093.131681 312.922513 1.962428 0.675312 0.799575 4.692358 1.422606 7.763987 -1.290365
159 45 Pedestrian 0 0 -1.853451 1097.514193 114.710477 1176.346312 312.740454 1.939386 0.653798 0.742610 5.264069 1.375846 7.510137 -1.260895
160 44 Pedestrian 0 0 -1.835690 1053.621325 112.031296 1128.621327 323.514295 1.962428 0.675312 0.799575 4.708692 1.404206 7.167142 -1.273720
160 45 Pedestrian 0 0 -1.855706 1124.707842 109.515696 1209.041177 325.798375 1.939386 0.653798 0.742610 5.261643 1.377118 6.920428 -1.226429
161 44 Pedestrian 0 0 -1.854601 1085.791914 107.856505 1179.661737 336.057236 1.962428 0.675312 0.799575 4.700168 1.409528 6.679030 -1.262514
161 45 Pedestrian 0 0 -1.882283 1145.037988 105.918165 1241.000000 337.516782 1.939386 0.653798 0.742610 5.262590 1.382345 6.419335 -1.218287
162 44 Pedestrian 0 0 -1.876599 1118.768055 102.967803 1223.101386 350.753585 1.962428 0.675312 0.799575 4.691645 1.414850 6.190919 -1.251308
162 45 Pedestrian 1 0 -1.912225 1187.347699 102.740467 1241.000000 349.758265 1.939386 0.653798 0.742610 5.263538 1.387572 5.918242 -1.210145
163 44 Pedestrian 0 0 -1.902100 1135.901558 98.877017 1241.000000 365.196688 1.962428 0.675312 0.799575 4.683121 1.420172 5.702807 -1.240103
163 45 Pedestrian 1 0 -1.945918 1236.822966 106.007835 1241.000000 319.207802 1.939386 0.653798 0.742610 5.264485 1.392799 5.417149 -1.202004
164 44 Pedestrian 1 0 -1.931572 1180.179389 94.710647 1241.000000 374.000000 1.962428 0.675312 0.799575 4.674598 1.425494 5.214695 -1.228897
165 44 Pedestrian 1 0 -1.965538 1232.678608 98.830135 1241.000000 373.115425 1.962428 0.675312 0.799575 4.666074 1.430816 4.726583 -1.217691
330 87 Truck 0 2 3.013040 697.139745 147.962317 769.694404 184.407418 3.579956 2.432750 6.998469 12.532059 1.135860 73.624685 -3.102443
331 87 Truck 0 2 3.022312 687.601353 148.394489 760.739581 185.283577 3.579956 2.432750 6.998469 11.447882 1.208690 72.740810 -3.105646
332 87 Truck 0 2 3.031942 677.830181 148.837362 751.562729 186.181900 3.579956 2.432750 6.998469 10.363704 1.281520 71.856934 -3.108849
333 87 Truck 0 2 3.041938 667.817585 149.291338 742.155507 187.103241 3.579956 2.432750 6.998469 9.279527 1.354350 70.973059 -3.112052
334 87 Truck 0 2 3.052313 657.554488 149.756838 732.509153 188.048493 3.579956 2.432750 6.998469 8.195350 1.427180 70.089184 -3.115255
335 81 Car 0 1 0.861485 477.193994 175.851934 532.179676 198.692275 1.413974 1.572170 3.534891 -6.837832 1.630660 46.524104 0.716002
335 82 Pedestrian 0 0 0.761975 668.461309 169.286591 688.371170 200.221571 1.687628 0.691215 0.828569 3.755889 1.498882 39.893034 0.854711
335 87 Truck 0 1 3.063077 647.031348 150.234307 722.614450 189.018600 3.579956 2.432750 6.998469 7.111172 1.500010 69.205309 -3.118458
336 81 Car 0 0 0.905232 475.994426 177.085479 531.450340 200.716020 1.413974 1.572170 3.534891 -6.700878 1.701255 45.144730 0.758335
336 82 Pedestrian 0 0 0.791141 670.677901 170.246469 686.677902 201.992247 1.687628 0.691215 0.828569 3.655912 1.554729 38.888488 0.883698
336 87 Truck 0 1 3.073684 635.049190 151.247237 711.277346 190.537202 3.579956 2.432750 6.998469 5.914614 1.621313 68.317120 -3.123848
337 81 Car 0 0 0.949066 474.774164 178.403141 530.618978 202.874568 1.413974 1.572170 3.534891 -6.563924 1.771849 43.765355 0.800668
337 82 Pedestrian 0 0 0.820317 670.090744 171.249955 686.777275 203.857901 1.687628 0.691215 0.828569 3.555935 1.610576 37.883942 0.912685
337 87 Truck 0 1 3.084756 622.751879 152.286798 699.641161 192.097369 3.579956 2.432750 6.998469 4.718056 1.742616 67.428931 -3.129238
338 81 Car 0 0 0.993527 473.114083 177.779626 529.268939 203.105661 1.413974 1.572170 3.534891 -6.448398 1.725029 42.367634 0.843002
338 82 Pedestrian 0 0 0.849502 669.190068 172.299026 686.190068 205.826332 1.687628 0.691215 0.828569 3.455959 1.666422 36.879395 0.941672
338 87 Truck 0 1 3.096304 609.954604 153.354051 687.693968 193.700830 3.579956 2.432750 6.998469 3.521498 1.863919 66.540742 -3.134628
339 81 Car 0 0 1.038131 471.398833 177.111038 527.765809 203.351856 1.413974 1.572170 3.534891 -6.332873 1.678210 40.969912 0.885335
339 82 Pedestrian 0 0 0.808176 671.206496 170.119987 686.158143 204.574409 1.687628 0.691215 0.828569 3.349712 1.559333 35.873244 0.900020
339 86 Car 0 2 2.806258 667.094093 172.145527 730.137151 191.223940 1.481739 1.867924 4.736537 7.195794 1.455337 58.858907 2.926974
339 87 Truck 0 1 3.108337 596.612496 151.617017 675.395857 192.517082 3.579956 2.432750 6.998469 2.322227 1.732169 65.649574 -3.140017
340 81 Car 0 0 1.082892 469.621243 176.392302 526.093728 203.614742 1.413974 1.572170 3.534891 -6.217347 1.631390 39.572191 0.927668
340 82 Pedestrian 0 0 0.766868 673.242367 167.785306 685.575700 203.248399 1.687628 0.691215 0.828569 3.243466 1.452244 34.867092 0.858368
340 83 Car 0 1 2.606842 559.458591 172.302620 619.280285 192.618590 1.470890 1.717689 4.218764 -1.561764 1.448598 54.524149 2.577990
340 84 Car 0 2 0.800374 349.610017 178.492787 418.494958 202.191552 1.423202 1.709296 4.141672 -14.196443 1.801000 45.208303 0.497461
340 86 Car 0 1 2.788934 662.810108 172.301647 726.860835 191.696084 1.481739 1.867924 4.736537 6.779293 1.468158 57.925625 2.904511
340 87 Truck 0 2 3.120870 582.889546 149.832358 662.758976 191.299402 3.579956 2.432750 6.998469 1.122955 1.600418 64.758406 3.137778
341 81 Car 0 0 1.140977 467.829268 175.436385 523.826027 203.809299 1.413974 1.572170 3.534891 -6.093347 1.574826 38.058451 0.982898
341 82 Pedestrian 0 0 0.813708 673.782067 168.196209 688.602284 204.705052 1.687628 0.691215 0.828569 3.229008 1.477870 33.883742 0.907401
341 83 Car 0 1 2.612972 554.173096 172.123448 615.166755 192.820562 1.470890 1.717689 4.218764 -1.882457 1.435946 53.534172 2.577642
341 84 Car 0 2 0.772742 346.800899 178.130539 418.489942 202.480372 1.423202 1.709296 4.141672 -13.890902 1.769181 43.965175 0.468131
341 86 Car 0 1 2.771783 658.394299 172.462790 723.466652 192.184613 1.481739 1.867924 4.736537 6.362792 1.480980 56.992343 2.882049
341 87 Truck 0 2 3.138357 569.412596 149.550142 650.428568 191.613709 3.579956 2.432750 6.998469 -0.014245 1.604657 63.857006 3.137778
342 81 Car 0 0 1.198634 466.483276 175.754860 521.766449 205.396466 1.413974 1.572170 3.534891 -5.946176 1.585087 36.558979 1.038128
342 82 Pedestrian 0 0 0.860419 674.036500 168.632525 691.036500 206.249159 1.687628 0.691215 0.828569 3.214549 1.503496 32.900391 0.956434
342 83 Car 0 1 2.619341 548.686814 171.937584 610.899524 193.030426 1.470890 1.717689 4.218764 -2.203149 1.423295 52.544195 2.577293
342 84 Car 0 1 0.745206 343.851635 177.748631 418.452783 202.785521 1.423202 1.709296 4.141672 -13.585361 1.737362 42.722047 0.438800
342 86 Car 0 1 2.754815 653.839696 172.629187 719.949092 192.690387 1.481739 1.867924 4.736537 5.946292 1.493801 56.059062 2.859587
342 87 Truck 0 2 -3.126842 555.542290 149.259693 637.738201 191.937196 3.579956 2.432750 6.998469 -1.151445 1.608896 62.955605 3.137778
343 81 Car 0 0 1.256839 464.877780 178.197561 519.180373 209.271571 1.413974 1.572170 3.534891 -5.809199 1.693521 35.050998 1.093359
343 82 Pedestrian 0 0 0.906990 675.437965 169.088169 692.960946 207.888725 1.687628 0.691215 0.828569 3.200090 1.529121 31.917041 1.005467
343 83 Car 0 1 2.624545 544.072592 173.591850 607.484296 195.161278 1.470890 1.717689 4.218764 -2.450913 1.543750 51.598077 2.576945
343 84 Car 0 1 0.750277 341.946808 179.518795 418.576242 205.380185 1.423202 1.709296 4.141672 -13.259086 1.830926 41.527384 0.442737
343 86 Car 0 1 2.738038 649.138831 172.801084 716.302295 193.214328 1.481739 1.867924 4.736537 5.529791 1.506623 55.125780 2.837125
343 87 Truck 0 2 -3.108334 541.253877 151.230442 624.704382 194.563093 3.579956 2.432750 6.998469 -2.286513 1.805554 62.025197 3.137778
344 81 Car 0 0 1.300306 462.725926 180.100099 516.731242 212.710636 1.413974 1.572170 3.534891 -5.672591 1.767159 33.543380 1.133589
344 82 Pedestrian 0 0 0.953406 676.771633 169.561789 694.438300 209.632767 1.687628 0.691215 0.828569 3.185631 1.554747 30.933690 1.054500
344 83 Car 0 1 2.629952 539.284531 175.307354 603.942601 197.374794 1.470890 1.717689 4.218764 -2.698676 1.664205 50.651959 2.576596
344 84 Car 0 1 0.755414 339.930970 181.394884 418.706478 208.135950 1.423202 1.709296 4.141672 -12.932811 1.924490 40.332721 0.446674
344 86 Car 0 1 2.721463 644.283689 172.978745 712.520027 193.757424 1.481739 1.867924 4.736537 5.113291 1.519444 54.192498 2.814662
344 87 Truck 0 2 -3.089293 526.521632 153.262381 611.265623 197.270607 3.579956 2.432750 6.998469 -3.421580 2.002211 61.094789 3.137778
345 81 Car 0 0 1.344070 460.429309 182.197211 513.982990 216.491138 1.413974 1.572170 3.534891 -5.535982 1.840798 32.035763 1.173819
345 82 Pedestrian 0 0 0.999654 678.535737 170.067978 697.545035 211.491481 1.687628 0.691215 0.828569 3.171172 1.580373 29.950340 1.103533
345 83 Car 0 1 2.635572 534.312620 177.087562 600.267280 199.675879 1.470890 1.717689 4.218764 -2.946439 1.784660 49.705842 2.576248
345 84 Car 0 1 0.760622 337.794065 183.386696 418.844117 211.068295 1.423202 1.709296 4.141672 -12.606536 2.018054 39.138057 0.450611
345 86 Car 0 1 2.722545 641.219718 174.757806 710.642778 195.968664 1.481739 1.867924 4.736537 4.841274 1.650275 53.251060 2.812310
345 87 Truck 0 2 -3.069766 511.398787 155.125283 597.786609 199.794267 3.579956 2.432750 6.998469 -4.557036 2.178641 60.211836 3.137778
346 81 Car 0 0 1.396186 457.579971 182.039195 509.963414 218.185334 1.413974 1.572170 3.534891 -5.420123 1.813547 30.488826 1.221216
346 82 Pedestrian 0 0 1.022542 681.553325 169.400923 701.553324 212.176168 1.687628 0.691215 0.828569 3.210074 1.557469 29.017591 1.131027
346 83 Car 0 1 2.617632 530.553884 176.743287 597.648801 199.769865 1.470890 1.717689 4.218764 -3.103961 1.755293 48.760563 2.553977
346 84 Car 0 1 0.797104 337.800980 182.958898 420.154113 211.587867 1.423202 1.709296 4.141672 -12.193383 1.977800 37.941778 0.487813
346 86 Car 0 1 2.712432 638.391054 174.371399 709.009613 195.966028 1.481739 1.867924 4.736537 4.594296 1.619562 52.308004 2.799148
346 87 Truck 0 2 -3.054172 496.467653 154.676860 584.624566 200.017403 3.579956 2.432750 6.998469 -5.643591 2.163608 59.335811 3.134182
347 81 Car 0 0 1.448792 454.508676 181.863324 505.404977 220.066557 1.413974 1.572170 3.534891 -5.304263 1.786296 28.941889 1.268614
347 82 Pedestrian 0 0 1.045132 685.044149 170.138546 705.804313 214.372751 1.687628 0.691215 0.828569 3.249569 1.590556 28.084257 1.158521
347 83 Car 0 1 2.599861 526.654362 176.386413 594.916679 199.867339 1.470890 1.717689 4.218764 -3.261483 1.725926 47.815285 2.531706
347 84 Car 0 1 0.833538 337.866192 182.501709 421.496530 212.142866 1.423202 1.709296 4.141672 -11.780230 1.937546 36.745498 0.525016
347 86 Car 0 2 2.702431 635.461171 173.971365 707.312328 195.963148 1.481739 1.867924 4.736537 4.347319 1.588849 51.364949 2.785985
347 87 Truck 0 2 -3.038078 481.073594 154.214941 571.081340 200.247460 3.579956 2.432750 6.998469 -6.730146 2.148575 58.459787 3.130585
348 81 Car 0 0 1.485450 449.979404 181.666761 500.528238 222.175516 1.413974 1.572170 3.534891 -5.206007 1.759371 27.394953 1.298878
348 82 Pedestrian 0 0 1.067395 688.554292 168.575888 709.554293 214.343666 1.687628 0.691215 0.828569 3.288136 1.535883 27.151840 1.186015
348 83 Car 0 1 2.582266 522.605009 176.016218 592.064507 199.968518 1.470890 1.717689 4.218764 -3.419005 1.696560 46.870006 2.509435
348 84 Car 0 1 0.869920 337.993988 182.011926 422.875751 212.737017 1.423202 1.709296 4.141672 -11.367077 1.897293 35.549218 0.562218
348 86 Car 0 1 2.692550 632.424189 173.556968 705.547460 195.960007 1.481739 1.867924 4.736537 4.100341 1.558137 50.421893 2.772823
348 87 Truck 0 2 -3.021481 465.194725 153.738907 557.140142 200.484764 3.579956 2.432750 6.998469 -7.816702 2.133543 57.583763 3.126989
349 81 Car 0 0 1.522847 444.972664 181.444891 494.988892 224.552301 1.413974 1.572170 3.534891 -5.107752 1.732446 25.848016 1.329143
349 82 Pedestrian 0 0 1.089296 694.101293 167.370247 714.058131 214.787601 1.687628 0.691215 0.828569 3.326882 1.498152 26.219246 1.213509
349 83 Car 0 1 2.564860 518.395986 175.631922 589.085385 200.073640 1.470890 1.717689 4.218764 -3.576527 1.667193 45.924727 2.487164
349 84 Car 0 1 0.906245 338.189125 181.485874 424.296887 213.374600 1.423202 1.709296 4.141672 -10.953925 1.857039 34.352938 0.599421
349 86 Car 0 1 2.682795 629.273764 173.127413 703.711297 195.956590 1.481739 1.867924 4.736537 3.853363 1.527424 49.478837 2.759660
349 87 Truck 0 1 -3.004379 448.807762 153.248102 542.783182 200.729664 3.579956 2.432750 6.998469 -8.903257 2.118510 56.707739 3.123393
350 81 Car 0 0 1.561118 437.015106 181.192453 488.651024 227.251477 1.413974 1.572170 3.534891 -5.009496 1.705521 24.301080 1.359408
350 82 Pedestrian 0 0 1.110798 699.679158 166.856555 718.012493 216.055209 1.687628 0.691215 0.828569 3.365914 1.487575 25.286368 1.241003
350 83 Car 0 1 2.547653 514.016581 175.232684 585.971868 200.182963 1.470890 1.717689 4.218764 -3.734049 1.637826 44.979449 2.464893
350 84 Car 0 1 0.942507 338.456915 180.919308 425.765916 214.060552 1.423202 1.709296 4.141672 -10.540772 1.816785 33.156659 0.636623
350 86 Car 0 1 2.673173 626.003041 172.681850 701.799844 195.952879 1.481739 1.867924 4.736537 3.606386 1.496711 48.535781 2.746498
350 87 Truck 0 1 -2.986770 431.893251 153.408837 527.997595 201.652322 3.579956 2.432750 6.998469 -9.989278 2.154087 55.831186 3.119796
351 81 Car 0 0 1.597367 426.746231 181.647447 482.258269 231.057441 1.413974 1.572170 3.534891 -4.891245 1.700718 22.772620 1.387593
351 82 Pedestrian 0 0 1.145225 703.774274 166.234957 725.151081 217.311162 1.687628 0.691215 0.828569 3.433590 1.474642 24.372770 1.282900
351 83 Car 0 1 2.576976 511.120311 175.445773 584.876454 200.910060 1.470890 1.717689 4.218764 -3.789177 1.648871 44.141574 2.491432
351 84 Car 0 1 0.983581 339.561117 181.350783 427.825260 215.935429 1.423202 1.709296 4.141672 -10.089943 1.821456 31.929479 0.679489
351 86 Car 0 0 2.675594 624.096351 172.776887 701.227407 196.475051 1.481739 1.867924 4.736537 3.461447 1.503221 47.700368 2.747186
351 87 Truck 0 1 -2.962338 415.510360 153.563246 513.737265 202.503857 3.579956 2.432750 6.998469 -11.018749 2.186996 55.056420 3.123855
352 81 Car 0 0 1.634726 414.899660 182.085916 478.172252 235.454718 1.413974 1.572170 3.534891 -4.772994 1.695915 21.244159 1.415778
352 82 Pedestrian 0 0 1.179093 708.308122 165.752126 732.308122 218.854396 1.687628 0.691215 0.828569 3.501328 1.467752 23.459108 1.324796
352 83 Car 0 1 2.581603 508.710858 175.668882 583.997447 201.673401 1.470890 1.717689 4.218764 -3.814647 1.659427 43.287724 2.493811
352 84 Car 0 1 1.024512 340.825519 181.821181 429.977978 217.972731 1.423202 1.709296 4.141672 -9.639115 1.826128 30.702299 0.722355
352 86 Car 0 0 2.678076 622.121806 172.875314 700.634521 197.016539 1.481739 1.867924 4.736537 3.316508 1.509731 46.864954 2.747875
352 87 Truck 0 1 -2.937500 398.658586 153.722257 499.071114 203.379809 3.579956 2.432750 6.998469 -12.048221 2.219905 54.281655 3.127913
353 81 Car 0 0 1.673442 401.078908 182.561724 474.480535 240.592650 1.413974 1.572170 3.534891 -4.654743 1.691112 19.715699 1.443963
353 82 Pedestrian 0 0 1.212341 716.113866 164.412950 739.069229 219.699408 1.687628 0.691215 0.828569 3.568802 1.435703 22.545709 1.366692
353 83 Car 0 1 2.586319 506.203958 175.900902 583.083121 202.468831 1.470890 1.717689 4.218764 -3.840117 1.669983 42.433874 2.496190
353 84 Car 0 1 1.065279 342.265514 182.335788 432.239089 220.194083 1.423202 1.709296 4.141672 -9.188286 1.830799 29.475119 0.765220
353 86 Car 0 0 2.678966 621.265609 173.197054 701.253795 197.821898 1.481739 1.867924 4.736537 3.247008 1.530265 46.003216 2.748563
353 87 Truck 0 1 -2.912261 381.317491 153.886078 483.981582 204.281241 3.579956 2.432750 6.998469 -13.077693 2.252813 53.506889 3.131971
354 81 Car 0 0 1.708424 384.012726 183.145581 468.788976 246.740444 1.413974 1.572170 3.534891 -4.562896 1.687085 18.182835 1.465334
354 82 Pedestrian 0 0 1.244894 724.435539 164.848918 745.768872 222.519422 1.687628 0.691215 0.828569 3.636865 1.459497 21.631727 1.408589
354 83 Car 0 1 2.591129 503.593563 176.142375 582.131318 203.298417 1.470890 1.717689 4.218764 -3.865587 1.680539 41.580024 2.498570
354 84 Car 0 1 1.105864 343.898817 182.900884 434.626593 222.625127 1.423202 1.709296 4.141672 -8.737458 1.835470 28.247939 0.808086
354 86 Car 0 0 2.679864 620.376791 173.531087 701.896719 198.659209 1.481739 1.867924 4.736537 3.177507 1.550799 45.141477 2.749252
354 87 Truck 0 2 -2.886629 363.465433 154.054930 468.450090 205.209282 3.579956 2.432750 6.998469 -14.107165 2.285722 52.732124 3.136029
355 81 Car 0 0 1.745751 363.476322 183.827261 462.128331 254.145047 1.413974 1.572170 3.534891 -4.471049 1.683058 16.649971 1.486706
355 82 Pedestrian 0 0 1.276666 729.823181 165.240710 753.769820 225.503435 1.687628 0.691215 0.828569 3.704902 1.480898 20.717769 1.450485
355 83 Car 0 1 2.596039 500.873115 176.393892 581.139699 204.164408 1.470890 1.717689 4.218764 -3.891057 1.691096 40.726174 2.500949
355 84 Car 0 2 1.146239 345.745964 183.523983 437.162205 225.296519 1.423202 1.709296 4.141672 -8.286629 1.840142 27.020759 0.850952
355 86 Car 0 0 2.682299 618.361413 173.690283 701.419539 199.316915 1.481739 1.867924 4.736537 3.041380 1.559824 44.308932 2.749940
355 87 Truck 0 2 -2.860614 345.079470 154.229047 452.456947 206.165128 3.579956 2.432750 6.998469 -15.136636 2.318631 51.957358 3.140088
355 88 Car 0 2 0.569834 99.222941 179.769983 215.843613 217.807169 1.634311 1.687344 4.231215 -20.454866 1.970721 32.661560 0.013774
356 81 Car 0 0 1.764994 341.030508 185.082094 453.498930 263.750364 1.413974 1.572170 3.534891 -4.366503 1.689555 15.134297 1.488047
356 82 Pedestrian 0 0 1.274622 735.056040 163.423896 761.056040 226.257556 1.687628 0.691215 0.828569 3.781998 1.440545 19.884702 1.459191
356 83 Car 0 1 2.594029 498.773094 176.775157 580.565121 205.130664 1.470890 1.717689 4.218764 -3.891317 1.708701 39.960470 2.497133
356 84 Car 0 2 1.195722 347.384510 183.078399 438.928386 227.254429 1.423202 1.709296 4.141672 -7.831527 1.804315 25.694186 0.902269
356 86 Car 0 0 2.674247 618.042621 174.186853 702.520082 200.311426 1.481739 1.867924 4.736537 3.012109 1.588759 43.534589 2.742410
356 87 Truck 0 2 -2.839325 326.688798 155.048297 436.333759 207.708741 3.579956 2.432750 6.998469 -16.157458 2.393447 51.260216 3.139626
356 88 Car 0 2 0.556271 106.215591 179.765224 225.004242 218.638531 1.634311 1.687344 4.231215 -19.672330 1.964096 31.987634 0.008386
357 81 Car 0 0 1.787895 312.827169 186.583086 443.175006 275.822644 1.413974 1.572170 3.534891 -4.261957 1.696053 13.618622 1.489387
357 82 Pedestrian 0 0 1.271537 749.219467 164.832645 773.187366 230.485139 1.687628 0.691215 0.828569 3.863378 1.487985 19.051063 1.467896
357 83 Car 0 1 2.592089 496.589518 177.170936 579.968081 206.136864 1.470890 1.717689 4.218764 -3.891577 1.726306 39.194767 2.493317
357 84 Car 0 2 1.245004 349.295712 182.579343 440.773112 229.440587 1.423202 1.709296 4.141672 -7.376425 1.768489 24.367612 0.953585
357 86 Car 0 0 2.666176 617.714419 174.700949 703.657000 201.344128 1.481739 1.867924 4.736537 2.982838 1.617694 42.760245 2.734879
357 87 Truck 0 2 -2.817746 307.777649 155.890618 419.777501 209.296074 3.579956 2.432750 6.998469 -17.178279 2.468263 50.563075 3.139164
357 88 Car 0 2 0.542271 113.524393 179.760274 234.540691 219.507235 1.634311 1.687344 4.231215 -18.889794 1.957470 31.313708 0.002997
358 81 Car 0 0 1.815673 276.325069 188.410551 430.603117 291.452311 1.413974 1.572170 3.534891 -4.157411 1.702551 12.102948 1.490727
358 82 Pedestrian 0 0 1.267792 763.664485 164.129404 784.331152 232.853830 1.687628 0.691215 0.828569 3.937457 1.479887 18.217313 1.476602
358 83 Car 0 1 2.590221 494.317262 177.582074 579.347274 207.185538 1.470890 1.717689 4.218764 -3.891837 1.743911 38.429064 2.489501
358 84 Car 0 2 1.321328 351.682182 183.938002 439.652975 233.852774 1.423202 1.709296 4.141672 -6.976933 1.790545 23.072824 1.030347
358 86 Car 0 0 2.658085 617.376272 175.233513 704.832255 202.417259 1.481739 1.867924 4.736537 2.953567 1.646629 41.985902 2.727349
358 87 Truck 0 2 -2.795893 288.323608 156.756999 402.770486 210.929011 3.579956 2.432750 6.998469 -18.199101 2.543080 49.865933 3.138702
358 88 Car 0 1 0.527801 121.171137 179.755120 244.476703 220.415857 1.634311 1.687344 4.231215 -18.107258 1.950845 30.639782 -0.002391
359 81 Car 0 0 1.850142 227.229477 190.683999 414.959379 312.483468 1.413974 1.572170 3.534891 -4.052865 1.709049 10.587273 1.492068
359 82 Pedestrian 0 0 1.262771 768.660522 162.972293 796.730047 235.066418 1.687628 0.691215 0.828569 4.014797 1.462706 17.384004 1.485307
359 83 Car 0 1 2.588432 491.950774 178.009482 578.701287 208.279432 1.470890 1.717689 4.218764 -3.892097 1.761516 37.663360 2.485684
359 84 Car 0 2 1.337595 349.029158 185.423231 439.852378 238.552005 1.423202 1.709296 4.141672 -6.665104 1.817173 21.880921 1.044745
359 86 Car 0 0 2.653125 616.263979 175.278245 705.382519 203.023533 1.481739 1.867924 4.736537 2.880774 1.646423 41.178249 2.721988
359 87 Truck 0 2 -2.773782 268.302960 157.648486 385.294055 212.609546 3.579956 2.432750 6.998469 -19.219922 2.617896 49.168791 3.138240
359 88 Car 0 1 0.512821 129.179660 179.749748 254.838058 221.367212 1.634311 1.687344 4.231215 -17.324722 1.944219 29.965856 -0.007779
360 81 Car 0 0 1.894098 157.664407 193.589381 394.961254 342.301101 1.413974 1.572170 3.534891 -3.948319 1.715547 9.071599 1.493408
360 82 Pedestrian 0 0 1.255749 774.004091 164.693214 808.337424 240.516176 1.687628 0.691215 0.828569 4.106307 1.512760 16.551025 1.494013
360 83 Car 0 1 2.586725 489.484027 178.454145 578.028595 209.421533 1.470890 1.717689 4.218764 -3.892358 1.779122 36.897657 2.481868
360 84 Car 0 1 1.395328 349.017332 186.927457 438.116732 244.536070 1.423202 1.709296 4.141672 -6.287931 1.842308 20.517679 1.100988
360 86 Car 0 0 2.661094 615.880807 176.376102 706.759680 204.719113 1.481739 1.867924 4.736537 2.853344 1.705693 40.417765 2.730555
360 87 Truck 0 1 -2.751433 247.690584 158.566187 367.328499 214.339790 3.579956 2.432750 6.998469 -20.240743 2.692712 48.471649 3.137778
360 88 Car 0 1 0.497291 137.576097 179.744144 265.652809 222.364390 1.634311 1.687344 4.231215 -16.542186 1.937594 29.291929 -0.013167
361 81 Car 0 0 1.955272 56.118479 198.729199 371.039421 374.000000 1.413974 1.572170 3.534891 -3.838231 1.740815 7.608132 1.501147
361 82 Pedestrian 0 0 1.252723 788.279242 165.947001 825.123479 245.800657 1.687628 0.691215 0.828569 4.179335 1.548726 15.736355 1.506864
361 83 Car 0 1 2.585543 488.411834 179.183485 578.722636 210.866023 1.470890 1.717689 4.218764 -3.824417 1.810656 36.169639 2.480446
361 84 Car 0 1 1.426024 346.971458 189.127616 437.466185 251.679263 1.423202 1.709296 4.141672 -5.949166 1.883891 19.251000 1.129560
361 86 Car 0 0 2.654953 617.289158 177.133952 709.831014 206.073980 1.481739 1.867924 4.736537 2.923747 1.743805 39.673540 2.727447
361 87 Truck 0 2 -2.725259 229.529355 158.498875 351.292491 214.900361 3.579956 2.432750 6.998469 -21.155138 2.699448 47.940720 -3.139130
361 88 Car 0 1 0.487538 150.946081 179.395250 280.835055 222.941016 1.634311 1.687344 4.231215 -15.626538 1.918204 28.676452 -0.007779
362 81 Car 1 0 2.034438 0.000000 202.934413 335.214209 374.000000 1.413974 1.572170 3.534891 -3.746015 1.733949 6.123378 1.503820
362 82 Pedestrian 0 0 1.247347 803.905037 165.325206 841.238370 249.643117 1.687628 0.691215 0.828569 4.265392 1.544016 14.923143 1.519715
362 83 Car 0 1 2.584371 487.294736 179.942132 579.444486 212.373488 1.470890 1.717689 4.218764 -3.756477 1.842191 35.441621 2.479023
362 84 Car 0 0 1.470165 343.873313 189.843960 434.059572 258.028838 1.423202 1.709296 4.141672 -5.631411 1.874769 17.915553 1.169190
362 86 Car 0 0 2.648698 618.752508 177.920383 713.017758 207.483569 1.481739 1.867924 4.736537 2.994150 1.781917 38.929316 2.724340
362 87 Truck 0 2 -2.698996 210.971095 158.429998 334.889287 215.473217 3.579956 2.432750 6.998469 -22.069533 2.706184 47.409791 -3.132853
362 88 Car 0 1 0.476859 164.911299 179.030316 296.673818 223.543185 1.634311 1.687344 4.231215 -14.710889 1.898815 28.060974 -0.002391
363 81 Car 1 0 2.146623 0.000000 209.071961 282.888653 374.000000 1.413974 1.572170 3.534891 -3.653799 1.727084 4.638624 1.506493
363 82 Pedestrian 0 0 1.240127 819.006941 162.516738 858.471799 251.817273 1.687628 0.691215 0.828569 4.351024 1.499099 14.110351 1.532565
363 83 Car 0 1 2.583885 485.655731 178.790600 579.641267 211.815025 1.470890 1.717689 4.218764 -3.717212 1.778903 34.750074 2.477601
363 84 Car 0 0 1.533930 338.039889 188.952340 426.782168 263.319517 1.423202 1.709296 4.141672 -5.343873 1.821397 16.581558 1.226159
363 86 Car 0 0 2.643085 619.761489 176.627155 715.672205 206.680666 1.481739 1.867924 4.736537 3.038307 1.708287 38.242824 2.721232
363 87 Truck 0 2 -2.672658 192.002609 158.359499 318.106162 216.058767 3.579956 2.432750 6.998469 -22.983928 2.712919 46.878861 -3.126576
363 88 Car 0 1 0.465176 179.512222 178.648210 313.212792 224.172636 1.634311 1.687344 4.231215 -13.795241 1.879425 27.445496 0.002997
364 81 Car 1 0 2.313680 0.000000 218.871019 199.021652 374.000000 1.413974 1.572170 3.534891 -3.561583 1.720218 3.153870 1.509166
364 82 Pedestrian 0 0 1.230151 835.287618 162.587013 874.287619 257.713478 1.687628 0.691215 0.828569 4.437963 1.512458 13.269614 1.545416
364 83 Car 0 1 2.583436 483.948753 177.593381 579.845765 211.232427 1.470890 1.717689 4.218764 -3.677947 1.715616 34.058527 2.476178
364 84 Car 0 0 1.566768 321.267629 188.009292 419.637268 269.783969 1.423202 1.709296 4.141672 -5.090556 1.769024 15.236151 1.248865
364 86 Car 0 0 2.637382 620.808357 175.287371 718.421793 205.846649 1.481739 1.867924 4.736537 3.082465 1.634656 37.556332 2.718124
364 87 Truck 0 2 -2.646261 172.610115 158.287320 300.929799 216.657439 3.579956 2.432750 6.998469 -23.898323 2.719655 46.347932 -3.120299
364 88 Car 0 1 0.452403 194.793072 178.247690 330.499628 224.831268 1.634311 1.687344 4.231215 -12.879592 1.860035 26.830018 0.008386
365 82 Pedestrian 0 0 1.219008 853.288755 160.037550 897.181522 261.329836 1.687628 0.691215 0.828569 4.523046 1.480959 12.484018 1.558267
365 83 Car 0 1 2.583027 482.169475 176.347702 580.058450 210.624095 1.470890 1.717689 4.218764 -3.638683 1.652328 33.366981 2.474756
365 84 Car 0 0 1.601442 300.674241 186.909180 410.841909 277.727070 1.423202 1.709296 4.141672 -4.837238 1.716650 13.890743 1.271570
365 86 Car 0 0 2.631585 621.895259 173.898471 721.271757 204.979676 1.481739 1.867924 4.736537 3.126623 1.561026 36.869840 2.715016
365 87 Truck 0 2 -2.619823 152.779198 158.213398 283.346247 217.269679 3.579956 2.432750 6.998469 -24.812718 2.726391 45.817003 -3.114022
365 88 Car 0 1 0.438444 210.802275 177.827393 348.586406 225.521162 1.634311 1.687344 4.231215 -11.963944 1.840646 26.214540 0.013774
366 82 Pedestrian 0 0 1.198704 870.737340 159.256350 916.404008 266.998853 1.687628 0.691215 0.828569 4.602116 1.481524 11.760485 1.562429
366 83 Car 0 1 2.574267 479.482017 176.180548 579.270927 211.200549 1.470890 1.717689 4.218764 -3.641287 1.641109 32.689535 2.463718
366 84 Car 0 0 1.665293 271.070466 191.490257 403.775960 295.803739 1.423202 1.709296 4.141672 -4.597163 1.786194 12.578825 1.320930
366 86 Car 0 0 2.629476 622.175503 173.789579 723.330143 205.455675 1.481739 1.867924 4.736537 3.129373 1.554578 36.216005 2.714474
366 87 Truck 0 1 -2.596713 132.316952 158.703320 265.072663 218.369604 3.579956 2.432750 6.998469 -25.779825 2.765921 45.355975 -3.111323
366 88 Car 0 1 0.414479 229.005807 177.287289 368.453074 226.006726 1.634311 1.687344 4.231215 -11.042122 1.818401 25.683832 0.011827
367 82 Pedestrian 0 0 1.175811 892.298508 158.003711 945.391932 273.072089 1.687628 0.691215 0.828569 4.681128 1.476703 11.037008 1.566591
367 83 Car 0 1 2.565602 476.680741 176.006769 578.445986 211.803213 1.470890 1.717689 4.218764 -3.643891 1.629891 32.012089 2.452679
367 84 Car 0 0 1.716998 231.551985 189.876161 396.696211 308.493056 1.423202 1.709296 4.141672 -4.417212 1.722615 11.264975 1.350528
367 86 Car 0 0 2.627311 622.466122 173.676707 725.463759 205.950153 1.481739 1.867924 4.736537 3.132123 1.548130 35.562170 2.713932
367 87 Truck 0 1 -2.573662 111.433710 159.203821 246.424725 219.492194 3.579956 2.432750 6.998469 -26.746932 2.805452 44.894946 -3.108623
367 88 Car 0 2 0.389147 248.009286 176.723786 389.124868 226.513628 1.634311 1.687344 4.231215 -10.120299 1.796156 25.153125 0.009880
368 82 Pedestrian 0 0 1.149118 915.970733 157.551486 972.304064 281.310964 1.687628 0.691215 0.828569 4.760287 1.485903 10.289946 1.570752
368 83 Car 0 1 2.557037 473.757846 175.825955 577.581348 212.433919 1.470890 1.717689 4.218764 -3.646496 1.618672 31.334642 2.441641
368 84 Car 0 0 1.788657 171.254871 192.028990 385.900016 332.278904 1.423202 1.709296 4.141672 -4.285190 1.727909 9.925308 1.390007
368 86 Car 0 0 2.625086 622.767702 173.559635 727.676808 206.464207 1.481739 1.867924 4.736537 3.134874 1.541682 34.908335 2.713390
368 87 Truck 0 1 -2.550686 90.116339 159.715247 227.390814 220.638158 3.579956 2.432750 6.998469 -27.714039 2.844982 44.433918 -3.105924
368 88 Car 0 2 0.362347 267.866603 176.135331 410.651768 227.043305 1.634311 1.687344 4.231215 -9.198477 1.773912 24.622417 0.007933
369 82 Pedestrian 0 0 1.120646 944.786958 155.780206 1007.606845 288.961779 1.687628 0.691215 0.828569 4.839271 1.478204 9.589937 1.574914
369 83 Car 0 2 2.548579 470.704803 175.637667 576.674546 213.094677 1.470890 1.717689 4.218764 -3.649100 1.607453 30.657196 2.430603
369 84 Car 0 0 1.868754 86.504934 194.728808 372.258078 365.775908 1.423202 1.709296 4.141672 -4.153169 1.733203 8.585641 1.429485
369 86 Car 0 0 2.622798 623.080874 173.438123 729.973808 206.999023 1.481739 1.867924 4.736537 3.137624 1.535235 34.254500 2.712847
369 87 Truck 0 1 -2.527801 68.351158 160.237959 207.958832 221.808232 3.579956 2.432750 6.998469 -28.681146 2.884513 43.972890 -3.103224
369 88 Car 0 1 0.333969 288.636591 175.520229 433.087974 227.597328 1.634311 1.687344 4.231215 -8.276655 1.751667 24.091710 0.005986
370 82 Pedestrian 0 0 1.087384 976.898254 154.460871 1040.231585 299.019510 1.687628 0.691215 0.828569 4.918352 1.479869 8.866393 1.579076
370 83 Car 0 2 2.540234 467.512267 175.441426 575.722901 213.787691 1.470890 1.717689 4.218764 -3.651705 1.596234 29.979750 2.419565
370 84 Car 0 0 1.902972 0.000000 197.736245 342.987476 374.000000 1.423202 1.709296 4.141672 -4.019457 1.728870 7.164609 1.406684
370 86 Car 0 0 2.620443 623.406320 173.311914 732.359632 207.555885 1.481739 1.867924 4.736537 3.140374 1.528787 33.600665 2.712305
370 87 Truck 0 1 -2.505022 46.123900 160.772334 188.116160 223.003186 3.579956 2.432750 6.998469 -29.648253 2.924043 43.511861 -3.100525
370 88 Car 0 1 0.303898 310.383624 174.876627 456.492372 228.177415 1.634311 1.687344 4.231215 -7.354833 1.729422 23.561003 0.004039
371 82 Pedestrian 0 0 1.055596 1010.457077 153.151830 1087.153915 309.311379 1.687628 0.691215 0.828569 4.936741 1.481663 8.237974 1.579076
371 83 Car 0 2 2.568062 463.899001 175.715054 574.967211 214.921522 1.470890 1.717689 4.218764 -3.670631 1.606065 29.383125 2.444362
371 84 Car 1 0 2.002626 0.000000 202.132762 313.903154 374.000000 1.423202 1.709296 4.141672 -3.918218 1.733487 5.867564 1.433961
371 86 Car 0 0 2.612996 623.106491 173.466104 733.924427 208.382832 1.481739 1.867924 4.736537 3.113926 1.535320 33.000441 2.705717
371 87 Truck 0 1 -2.481155 23.144938 160.556921 167.241339 223.324073 3.579956 2.432750 6.998469 -30.709564 2.917975 43.145275 -3.097034
371 88 Car 0 0 0.272674 333.780276 174.412459 481.158068 228.852442 1.634311 1.687344 4.231215 -6.436003 1.713770 23.086695 0.003250
372 82 Pedestrian 0 0 1.020157 1045.891947 153.399654 1128.891947 323.191867 1.687628 0.691215 0.828569 4.955318 1.501305 7.609368 1.579076
372 83 Car 0 2 2.557100 458.056306 176.096523 571.447535 216.283959 1.470890 1.717689 4.218764 -3.773331 1.618755 28.743992 2.427223
372 84 Car 1 0 2.129088 0.000000 208.247218 273.350654 374.000000 1.423202 1.709296 4.141672 -3.816979 1.738104 4.570518 1.461238
372 86 Car 0 0 2.605517 622.797654 173.625839 735.542866 209.242812 1.481739 1.867924 4.736537 3.087478 1.541854 32.400217 2.699129
372 87 Truck 0 1 -2.457527 0.000000 160.337588 146.004669 223.649459 3.579956 2.432750 6.998469 -31.770875 2.911906 42.778689 -3.093543
372 88 Car 0 0 0.239637 358.198940 173.928149 506.817857 229.556976 1.634311 1.687344 4.231215 -5.517174 1.698117 22.612387 0.002460
373 82 Pedestrian 0 0 0.980507 1089.583297 152.879430 1183.559063 338.908559 1.687628 0.691215 0.828569 4.973816 1.513504 6.980840 1.579076
373 83 Car 0 2 2.546404 451.942686 176.494029 567.764959 217.714164 1.470890 1.717689 4.218764 -3.876031 1.631444 28.104860 2.410085
373 84 Car 1 0 2.297051 0.000000 217.332657 212.777696 374.000000 1.423202 1.709296 4.141672 -3.715740 1.742721 3.273473 1.488514
373 86 Car 0 0 2.599697 621.399996 173.813558 735.805290 210.044623 1.481739 1.867924 4.736537 3.015300 1.549497 31.896563 2.692541
373 87 Truck 0 1 -2.434149 0.000000 160.114226 124.396659 223.795946 3.579956 2.432750 6.998469 -32.832186 2.905838 42.412103 -3.090052
373 88 Car 0 1 0.204694 383.708070 173.422357 533.533078 230.292995 1.634311 1.687344 4.231215 -4.598344 1.682465 22.138080 0.001671
374 82 Pedestrian 0 0 0.935998 1123.599014 152.634580 1217.265679 358.119800 1.687628 0.691215 0.828569 4.992330 1.527105 6.352298 1.579076
374 83 Car 0 2 2.535993 445.537657 176.908601 563.909066 219.217283 1.470890 1.717689 4.218764 -3.978731 1.644134 27.465727 2.392947
374 84 Car 1 0 2.528536 0.000000 232.252016 113.081463 374.000000 1.423202 1.709296 4.141672 -3.614501 1.747338 1.976427 1.515791
374 86 Car 0 0 2.593900 619.958271 174.007084 736.073318 210.874315 1.481739 1.867924 4.736537 2.943121 1.557141 31.392908 2.685952
374 87 Truck 0 1 -2.411033 0.000000 159.886723 102.407495 223.954998 3.579956 2.432750 6.998469 -33.893497 2.899769 42.045517 -3.086561
374 88 Car 0 1 0.167757 410.382370 172.893621 561.370216 231.062657 1.634311 1.687344 4.231215 -3.679514 1.666813 21.663772 0.000882
375 82 Pedestrian 1 0 0.885891 1161.227393 152.642767 1241.000000 374.000000 1.687628 0.691215 0.828569 5.010808 1.537402 5.723790 1.579076
375 83 Car 0 2 2.532642 436.932902 177.386126 558.402879 220.922369 1.470890 1.717689 4.218764 -4.137708 1.658353 26.783996 2.380300
375 86 Car 0 0 2.588130 618.470238 174.206691 736.347217 211.733368 1.481739 1.867924 4.736537 2.870943 1.564784 30.889253 2.679364
375 87 Truck 0 1 -2.388187 0.000000 159.654963 80.027002 224.127244 3.579956 2.432750 6.998469 -34.954808 2.893700 41.678931 -3.083070
375 88 Car 0 1 0.128751 438.303535 172.340344 590.401469 231.868322 1.634311 1.687344 4.231215 -2.760685 1.651160 21.189465 0.000093
376 82 Pedestrian 1 0 0.845800 1206.659315 154.890069 1241.000000 374.000000 1.687628 0.691215 0.828569 5.015032 1.549006 5.260093 1.579076
376 83 Car 0 2 2.529742 427.856029 177.886914 552.619897 222.725325 1.470890 1.717689 4.218764 -4.296685 1.672572 26.102264 2.367654
376 86 Car 0 1 2.585980 612.451755 174.661124 731.971974 212.829687 1.481739 1.867924 4.736537 2.610919 1.583037 30.432710 2.670160
376 88 Car 0 1 0.088093 465.603472 171.897470 618.898440 232.521677 1.634311 1.687344 4.231215 -1.919215 1.639085 20.826679 -0.003388
377 83 Car 0 2 2.503145 416.568848 178.668329 543.978690 224.862500 1.470890 1.717689 4.218764 -4.532963 1.696024 25.457804 2.328156
377 86 Car 0 1 2.584052 606.244181 175.128620 727.466356 213.962673 1.481739 1.867924 4.736537 2.350896 1.601290 29.976166 2.660956
377 88 Car 0 1 0.045869 493.934167 171.438592 650.092338 233.199661 1.634311 1.687344 4.231215 -1.077746 1.627010 20.463894 -0.006869
378 83 Car 0 1 2.477147 404.702906 179.484605 534.867161 227.120442 1.470890 1.717689 4.218764 -4.769240 1.719477 24.813345 2.288657
378 86 Car 0 1 2.582355 599.838216 175.609747 722.824680 215.134186 1.481739 1.867924 4.736537 2.090873 1.619543 29.519623 2.651752
378 88 Car 0 1 0.002100 523.355017 170.962828 682.435179 233.903693 1.634311 1.687344 4.231215 -0.236276 1.614935 20.101109 -0.010350
379 83 Car 0 1 2.451785 392.205194 180.338196 525.253578 229.509197 1.470890 1.717689 4.218764 -5.005518 1.742929 24.168886 2.249159
379 86 Car 0 1 2.580899 593.223946 176.105109 718.040932 216.346217 1.481739 1.867924 4.736537 1.830849 1.637796 29.063079 2.642548
379 88 Car 0 0 -0.043170 553.930059 170.469229 715.991629 234.635304 1.634311 1.687344 4.231215 0.605193 1.602860 19.738324 -0.013831
380 83 Car 0 1 2.427100 379.016190 181.231810 515.103082 232.039948 1.470890 1.717689 4.218764 -5.241795 1.766381 23.524426 2.209661
380 86 Car 0 2 2.579697 586.390783 176.615345 713.108730 217.600892 1.481739 1.867924 4.736537 1.570826 1.656049 28.606536 2.633344
380 88 Car 0 0 -0.089871 585.728459 169.956771 750.831308 235.396150 1.634311 1.687344 4.231215 1.446663 1.590785 19.375539 -0.017312
381 83 Car 0 2 2.386594 367.132326 181.046135 505.292556 233.312693 1.470890 1.717689 4.218764 -5.438636 1.752538 22.919299 2.155625
381 86 Car 0 2 2.510555 581.284864 174.268181 707.530107 215.641027 1.481739 1.867924 4.736537 1.358863 1.559203 28.262406 2.557482
381 88 Car 0 0 -0.143728 619.097609 168.594404 788.458159 234.885279 1.634311 1.687344 4.231215 2.356136 1.556874 19.144930 -0.023939
382 83 Car 0 2 2.346721 354.679142 180.854444 494.881521 234.647598 1.470890 1.717689 4.218764 -5.635476 1.738695 22.314173 2.101589
382 86 Car 0 1 2.549274 573.345768 173.054973 703.083868 215.117729 1.481739 1.867924 4.736537 1.090257 1.511541 27.747224 2.587521
382 88 Car 0 0 -0.198170 652.314002 167.199613 826.979009 234.360379 1.634311 1.687344 4.231215 3.265609 1.522963 18.914321 -0.030566
383 83 Car 0 1 2.307518 341.600449 180.656184 483.830637 236.049290 1.470890 1.717689 4.218764 -5.832317 1.724852 21.709046 2.047554
383 86 Car 0 1 2.548971 566.093309 173.301523 697.619940 216.038431 1.481739 1.867924 4.736537 0.836271 1.520678 27.359698 2.578576
383 88 Car 0 0 -0.252984 686.369279 165.771231 866.426027 233.820874 1.634311 1.687344 4.231215 4.175082 1.489053 18.683712 -0.037193
384 83 Car 0 0 2.269029 327.832784 180.450731 472.096370 237.522907 1.470890 1.717689 4.218764 -6.029157 1.711009 21.103919 1.993518
384 86 Car 0 0 2.548918 558.621952 173.554669 692.005621 216.988505 1.481739 1.867924 4.736537 0.582285 1.529816 26.972171 2.569631
384 88 Car 0 0 -0.307950 721.295671 164.308037 906.832937 233.266152 1.634311 1.687344 4.231215 5.084555 1.455142 18.453103 -0.043820
385 83 Car 0 1 2.231297 313.304254 180.237381 459.630354 239.074177 1.470890 1.717689 4.218764 -6.225998 1.697166 20.498792 1.939482
385 86 Car 0 0 2.549125 550.921407 173.814679 686.234824 217.969373 1.481739 1.867924 4.736537 0.328300 1.538953 26.584644 2.560686
385 88 Car 0 0 -0.362842 757.127085 162.808748 948.235143 232.695572 1.634311 1.687344 4.231215 5.994028 1.421231 18.222494 -0.050448
386 83 Car 0 1 2.206336 300.322366 180.264901 449.727367 241.078781 1.470890 1.717689 4.218764 -6.342286 1.691015 19.885559 1.900921
386 86 Car 0 0 2.542448 543.215495 174.238458 680.077450 219.076541 1.481739 1.867924 4.736537 0.076151 1.553796 26.243249 2.544650
386 88 Car 0 1 -0.413615 796.750318 161.903508 992.507227 232.241888 1.634311 1.687344 4.231215 7.006689 1.400996 18.108626 -0.050448
387 83 Car 0 1 2.182101 286.482761 180.294661 439.205965 243.214797 1.470890 1.717689 4.218764 -6.458573 1.684864 19.272325 1.862360
387 86 Car 0 0 2.536015 535.296132 174.672025 673.762943 220.216645 1.481739 1.867924 4.736537 -0.175998 1.568638 25.901854 2.528614
387 88 Car 0 1 -0.463098 836.854795 160.986336 1037.363413 231.782144 1.634311 1.687344 4.231215 8.019349 1.380760 17.994757 -0.050448
388 83 Car 0 1 2.158645 271.686867 180.326819 428.014576 245.495580 1.470890 1.717689 4.218764 -6.574861 1.678713 18.659092 1.823798
388 86 Car 0 0 2.529834 527.153635 175.115723 667.285862 221.391134 1.481739 1.867924 4.736537 -0.428147 1.583481 25.560459 2.512579
388 88 Car 0 1 -0.511110 877.449341 160.056996 1082.815340 231.316217 1.634311 1.687344 4.231215 9.032010 1.360525 17.880889 -0.050448
389 83 Car 0 1 2.133889 257.745899 182.765690 417.766376 251.027602 1.470890 1.717689 4.218764 -6.641444 1.738825 18.032484 1.785237
389 86 Car 0 0 2.523913 518.777736 175.569912 660.640498 222.601544 1.481739 1.867924 4.736537 -0.680295 1.598323 25.219064 2.496543
389 88 Car 0 1 -0.557503 918.542983 159.115243 1128.874946 230.843981 1.634311 1.687344 4.231215 10.044671 1.340290 17.767020 -0.050448
390 83 Car 0 1 2.109958 242.740825 185.351091 406.807389 256.990097 1.470890 1.717689 4.218764 -6.708026 1.798936 17.405876 1.746675
390 86 Car 0 0 2.518261 510.157536 176.034968 653.820863 223.849503 1.481739 1.867924 4.736537 -0.932444 1.613166 24.877669 2.480507
390 88 Car 0 1 -0.602168 960.144989 158.160826 1175.554506 230.365309 1.634311 1.687344 4.231215 11.057332 1.320055 17.653152 -0.050448
391 83 Car 0 1 2.092609 227.317105 186.255316 396.616042 261.156713 1.470890 1.717689 4.218764 -6.742421 1.810979 16.767190 1.715205
391 86 Car 0 0 2.502664 500.542717 176.464997 645.892416 225.165240 1.481739 1.867924 4.736537 -1.208701 1.625986 24.504596 2.453218
391 88 Car 0 1 -0.641796 1003.178181 157.073980 1223.376953 229.500573 1.634311 1.687344 4.231215 12.125664 1.296040 17.595769 -0.046538
392 83 Car 0 1 2.076183 210.532471 187.220684 385.679151 265.682507 1.470890 1.717689 4.218764 -6.776816 1.823023 16.128504 1.683734
392 86 Car 0 1 2.487409 490.624052 176.906045 637.717879 226.526199 1.481739 1.867924 4.736537 -1.484958 1.638805 24.131524 2.425929
392 88 Car 0 0 -0.679257 1046.443072 156.255516 1241.000000 228.630649 1.634311 1.687344 4.231215 13.193996 1.272025 17.538386 -0.042628
393 83 Car 0 0 2.060767 192.187759 188.253817 373.918143 270.646773 1.470890 1.717689 4.218764 -6.811210 1.835066 15.489818 1.652264
393 86 Car 0 1 2.472509 480.384553 177.358546 629.288003 227.934591 1.481739 1.867924 4.736537 -1.761214 1.651625 23.758451 2.398641
393 88 Car 0 0 -0.714579 1089.941611 155.617467 1241.000000 227.755493 1.634311 1.687344 4.231215 14.262328 1.248009 17.481004 -0.038718
394 83 Car 0 0 2.046456 172.043453 189.362332 361.242620 276.392167 1.470890 1.717689 4.218764 -6.845605 1.847109 14.851131 1.620793
394 86 Car 0 1 2.457976 469.806007 177.822955 620.593006 229.392772 1.481739 1.867924 4.736537 -2.037471 1.664445 23.385379 2.371352
394 88 Car 1 0 -0.747812 1133.675758 154.981725 1241.000000 226.875062 1.634311 1.687344 4.231215 15.330660 1.223994 17.423621 -0.034808
395 83 Car 0 0 2.033358 149.808929 190.555044 347.548039 282.754925 1.470890 1.717689 4.218764 -6.880000 1.859152 14.212445 1.589323
395 86 Car 0 1 2.443822 458.868851 178.299762 611.622528 230.903254 1.481739 1.867924 4.736537 -2.313728 1.677265 23.012307 2.344063
395 88 Car 1 0 -0.779023 1177.647511 154.349295 1241.000000 225.989310 1.634311 1.687344 4.231215 16.398992 1.199979 17.366238 -0.030899
396 83 Car 0 0 2.028069 128.888931 191.376899 337.035346 289.074645 1.470890 1.717689 4.218764 -6.842572 1.861352 13.580989 1.568693
396 86 Car 0 1 2.425729 447.020332 178.957645 602.144691 232.875858 1.481739 1.867924 4.736537 -2.591280 1.694891 22.561903 2.312008
396 88 Car 1 0 -0.813283 1223.787612 154.907704 1241.000000 221.577637 1.634311 1.687344 4.231215 17.552011 1.169251 17.356224 -0.030899
397 83 Car 0 0 2.023979 105.527544 192.266429 325.633205 296.143033 1.470890 1.717689 4.218764 -6.805145 1.863551 12.949532 1.548064
397 86 Car 0 1 2.408151 434.669053 179.637502 592.286968 234.937595 1.481739 1.867924 4.736537 -2.868832 1.712518 22.111499 2.279952
398 83 Car 0 0 2.021227 79.263875 193.232407 313.226954 304.101300 1.470890 1.717689 4.218764 -6.767718 1.865751 12.318076 1.527434
398 86 Car 0 1 2.391110 421.777797 180.340509 582.030209 237.094278 1.481739 1.867924 4.736537 -3.146384 1.730144 21.661095 2.247897
399 83 Car 0 0 2.019966 49.513538 194.285196 299.681177 313.128551 1.470890 1.717689 4.218764 -6.730290 1.867951 11.686619 1.506805
399 86 Car 0 1 2.374628 408.305730 181.067933 571.353798 239.352227 1.481739 1.867924 4.736537 -3.423935 1.747770 21.210692 2.215841
400 83 Car 0 0 2.020375 15.524313 195.437122 284.834768 323.455413 1.470890 1.717689 4.218764 -6.692863 1.870150 11.055163 1.486175
400 86 Car 0 1 2.358730 394.207952 181.821149 560.235495 241.718338 1.481739 1.867924 4.736537 -3.701487 1.765396 20.760288 2.183786
401 83 Car 0 0 2.030884 0.000000 196.338538 271.158961 334.838273 1.470890 1.717689 4.218764 -6.604975 1.864525 10.376661 1.475203
401 86 Car 0 1 2.336174 381.105204 182.085237 550.250891 243.795603 1.481739 1.867924 4.736537 -3.918864 1.766537 20.244792 2.146703
402 83 Car 0 0 2.043634 0.000000 197.342021 255.926517 347.499217 1.470890 1.717689 4.218764 -6.517086 1.858901 9.698160 1.464230
402 86 Car 0 1 2.314280 367.287839 182.361383 539.752476 245.988831 1.481739 1.867924 4.736537 -4.136240 1.767678 19.729297 2.109621
403 83 Car 0 0 2.058965 0.000000 198.465942 238.856999 362.258850 1.470890 1.717689 4.218764 -6.429198 1.853276 9.019659 1.453258
403 86 Car 0 1 2.293085 352.686984 182.650413 528.706935 248.307732 1.481739 1.867924 4.736537 -4.353616 1.768819 19.213801 2.072538
404 83 Car 1 0 2.077278 0.000000 199.733365 219.598255 374.000000 1.470890 1.717689 4.218764 -6.341309 1.847651 8.341158 1.442285
404 86 Car 0 1 2.272631 337.224945 182.953236 517.077663 250.763139 1.481739 1.867924 4.736537 -4.570992 1.769960 18.698306 2.035455
405 83 Car 1 0 2.099051 0.000000 201.173648 197.701925 374.000000 1.470890 1.717689 4.218764 -6.253421 1.842026 7.662657 1.431312
405 86 Car 0 1 2.252962 320.813760 183.270857 504.824328 253.367176 1.481739 1.867924 4.736537 -4.788368 1.771101 18.182810 1.998373
406 83 Car 1 0 2.116690 0.000000 203.531265 174.861501 374.000000 1.470890 1.717689 4.218764 -6.105555 1.843959 6.950496 1.414698
406 86 Car 0 1 2.225862 307.143649 184.154064 494.802006 256.943724 1.481739 1.867924 4.736537 -4.917553 1.786722 17.645017 1.957268
407 83 Car 1 0 2.141143 0.000000 207.384013 146.380517 374.000000 1.470890 1.717689 4.218764 -5.975811 1.858623 6.233643 1.398083
407 86 Car 0 1 2.199511 292.579943 185.082272 484.157672 260.762321 1.481739 1.867924 4.736537 -5.046739 1.802343 17.107223 1.916164
408 83 Car 1 0 2.171720 0.000000 209.737073 112.635016 374.000000 1.470890 1.717689 4.218764 -5.846317 1.849561 5.517037 1.381468
408 86 Car 0 1 2.173963 277.016563 186.059327 472.843175 264.847339 1.481739 1.867924 4.736537 -5.175924 1.817964 16.569429 1.875059
409 83 Car 1 0 2.209634 0.000000 212.529825 72.037821 374.000000 1.470890 1.717689 4.218764 -5.716827 1.840148 4.800436 1.364853
409 86 Car 0 1 2.149278 260.330564 187.089546 460.804599 269.226550 1.481739 1.867924 4.736537 -5.305109 1.833585 16.031635 1.833954
410 86 Car 0 1 2.125518 242.378689 188.177793 447.981353 273.931746 1.481739 1.867924 4.736537 -5.434294 1.849206 15.493841 1.792850
411 86 Car 0 1 2.107360 222.689273 188.809933 436.507945 279.246620 1.481739 1.867924 4.736537 -5.491722 1.849706 14.828376 1.757818
412 86 Car 0 1 2.090521 200.842126 189.491897 424.066695 285.126169 1.481739 1.867924 4.736537 -5.549149 1.850206 14.162911 1.722787
413 86 Car 0 1 2.075149 176.440108 190.229891 410.540706 291.665108 1.481739 1.867924 4.736537 -5.606577 1.850706 13.497446 1.687755
414 86 Car 0 1 2.061412 148.983436 191.031207 395.792673 298.980618 1.481739 1.867924 4.736537 -5.664005 1.851206 12.831981 1.652723
415 86 Car 0 1 2.049500 117.834266 191.904469 379.660204 307.533018 1.481739 1.867924 4.736537 -5.721433 1.851706 12.166516 1.617691
416 86 Car 0 1 2.050867 85.469468 192.809051 367.786519 317.873975 1.481739 1.867924 4.736537 -5.691008 1.850630 11.474747 1.599039
417 86 Car 0 1 2.054278 47.737860 193.807137 354.662701 329.944956 1.481739 1.867924 4.736537 -5.660583 1.849553 10.782979 1.580386
418 86 Car 0 0 2.060040 3.172139 194.914051 340.084367 344.219513 1.481739 1.867924 4.736537 -5.630158 1.848477 10.091210 1.561734
419 86 Car 0 0 2.068514 0.000000 196.148663 323.799806 360.506371 1.481739 1.867924 4.736537 -5.599732 1.847400 9.399442 1.543081
420 86 Car 0 0 2.080131 0.000000 197.534474 305.495425 374.000000 1.481739 1.867924 4.736537 -5.569307 1.846324 8.707674 1.524429
421 86 Car 1 0 2.105844 0.000000 199.248257 285.833320 374.000000 1.481739 1.867924 4.736537 -5.505551 1.844483 7.935547 1.514503
422 86 Car 1 0 2.136775 0.000000 201.235237 263.023920 374.000000 1.481739 1.867924 4.736537 -5.441795 1.842643 7.163421 1.504577
423 86 Car 1 0 2.173989 0.000000 203.566421 236.247916 374.000000 1.481739 1.867924 4.736537 -5.378039 1.840802 6.391294 1.494652
424 86 Car 1 0 2.218791 0.000000 206.339762 204.374536 374.000000 1.481739 1.867924 4.736537 -5.314283 1.838962 5.619168 1.484726
425 86 Car 1 0 2.272752 0.000000 209.694274 165.797959 374.000000 1.481739 1.867924 4.736537 -5.250527 1.837121 4.847041 1.474801
