33 0 Car 0 0 1.807639 598.036384 174.467084 620.663267 187.754028 1.449719 1.587566 4.279449 -0.046315 1.654004 81.662072 1.806761
34 0 Car 0 0 1.807997 595.447714 174.240710 618.562230 187.814945 1.449719 1.587566 4.279449 -0.305090 1.625922 79.981955 1.803882
35 0 Car 0 0 1.808492 592.745069 174.004341 616.373269 187.878544 1.449719 1.587566 4.279449 -0.563865 1.597840 78.301837 1.801004
36 0 Car 0 0 1.810895 588.559259 173.185285 612.888698 187.433244 1.449719 1.587566 4.279449 -0.954863 1.510656 76.319515 1.798125
37 0 Car 0 0 1.813579 584.144069 172.321208 609.223176 186.963523 1.449719 1.587566 4.279449 -1.345860 1.423472 74.337192 1.795247
38 0 Car 0 0 1.817225 579.012381 173.559517 604.915449 188.606469 1.449719 1.587566 4.279449 -1.782903 1.545328 72.363642 1.792368
39 0 Car 0 0 1.820812 573.878881 173.067442 600.653541 188.552000 1.449719 1.587566 4.279449 -2.191761 1.496983 70.385133 1.789490
40 0 Car 0 0 1.824768 568.439507 172.545953 596.152165 188.494280 1.449719 1.587566 4.279449 -2.600619 1.448637 68.406624 1.786611
41 0 Car 0 0 1.829127 562.666075 171.992333 591.390562 188.433009 1.449719 1.587566 4.279449 -3.009477 1.400291 66.428116 1.783732
42 0 Car 0 0 1.833961 556.513309 172.974388 586.333142 189.931009 1.449719 1.587566 4.279449 -3.419444 1.487382 64.448764 1.780854
43 0 Car 0 0 1.839275 549.957746 174.020961 580.965286 191.527130 1.449719 1.587566 4.279449 -3.829412 1.574473 62.469413 1.777975
44 0 Car 0 0 1.844590 542.984735 174.376069 575.269776 192.477936 1.449719 1.587566 4.279449 -4.236633 1.599976 60.473793 1.774611
45 0 Car 0 0 1.849769 536.067607 176.041573 569.717862 194.777653 1.449719 1.587566 4.279449 -4.599824 1.725613 58.468208 1.771246
46 0 Car 0 0 1.855538 528.640918 177.830206 563.785257 197.246891 1.449719 1.587566 4.279449 -4.963016 1.851249 56.462623 1.767881
47 0 Car 0 0 1.862168 520.469190 177.653395 557.263970 197.812457 1.449719 1.587566 4.279449 -5.339590 1.824723 54.461065 1.764517
48 0 Car 0 0 1.869536 511.648972 177.462502 550.263677 198.422924 1.449719 1.587566 4.279449 -5.716164 1.798197 52.459506 1.761152
49 0 Car 0 0 1.876754 501.865887 178.191686 542.472052 200.029289 1.449719 1.587566 4.279449 -6.106081 1.834020 50.426273 1.756475
50 0 Car 0 0 1.884926 491.209638 177.293694 534.037830 200.094643 1.449719 1.587566 4.279449 -6.497140 1.761638 48.394171 1.751798
51 0 Car 0 0 1.894169 479.576151 176.313089 524.895835 200.165972 1.449719 1.587566 4.279449 -6.888199 1.689257 46.362069 1.747121
52 0 Car 0 0 1.904615 466.837445 176.771814 514.965934 201.769305 1.449719 1.587566 4.279449 -7.278313 1.706378 44.329032 1.742444
52 5 Car 0 1 3.111316 888.045334 166.861960 930.669481 182.616229 1.592328 1.640353 4.075885 31.503413 1.005847 76.039737 -2.780646
53 0 Car 0 0 1.916419 452.811826 177.277048 504.126040 203.534722 1.449719 1.587566 4.279449 -7.668427 1.723499 42.295994 1.737766
53 5 Car 0 1 3.106105 887.609435 166.730214 930.852370 182.686230 1.592328 1.640353 4.075885 31.094632 1.000223 75.088509 -2.786040
54 0 Car 0 0 1.928287 438.467322 177.546388 493.290431 205.190105 1.449719 1.587566 4.279449 -7.999548 1.725429 40.276788 1.733082
54 5 Car 0 1 3.100899 887.163078 166.595064 931.039342 182.758044 1.592328 1.640353 4.075885 30.685851 0.994599 74.137280 -2.791434
55 0 Car 0 0 1.941764 422.522925 177.845886 481.369893 207.030242 1.449719 1.587566 4.279449 -8.330669 1.727359 38.257582 1.728397
55 5 Car 0 1 3.095699 886.705860 166.456376 931.230559 182.831743 1.592328 1.640353 4.075885 30.277071 0.988975 73.186052 -2.796828
56 0 Car 0 0 1.957083 404.695097 178.180905 468.192953 209.087889 1.449719 1.587566 4.279449 -8.661790 1.729288 36.238377 1.723713
56 5 Car 0 1 3.090503 886.237359 166.314011 931.426187 182.907403 1.592328 1.640353 4.075885 29.868290 0.983351 72.234824 -2.802222
57 0 Car 0 0 1.974347 384.775202 179.303161 453.682632 212.151581 1.449719 1.587566 4.279449 -8.985957 1.764529 34.217804 1.719028
57 5 Car 0 1 3.085312 885.757127 166.167818 931.626404 182.985104 1.592328 1.640353 4.075885 29.459509 0.977727 71.283595 -2.807616
58 0 Car 0 0 1.994044 362.184861 180.429291 437.461604 215.626284 1.449719 1.587566 4.279449 -9.310123 1.799769 32.197231 1.714343
58 2 Car 0 0 3.137598 828.122860 171.071245 871.244515 185.881181 1.414550 1.589373 4.009846 23.816194 1.272675 71.783254 -2.826702
58 5 Car 0 1 3.079848 885.197711 167.010230 931.768112 184.039376 1.592328 1.640353 4.075885 29.043976 1.066912 70.331355 -2.813383
59 0 Car 0 0 2.004840 338.859000 180.240071 420.616315 217.889724 1.449719 1.587566 4.279449 -9.565011 1.770187 30.213469 1.700360
59 2 Car 0 0 3.131097 824.442726 170.438041 868.060502 185.449988 1.414550 1.589373 4.009846 23.171166 1.213826 70.873434 -2.837564
59 5 Car 0 1 3.074392 884.629629 168.289845 931.919243 185.529323 1.592328 1.640353 4.075885 28.628854 1.195085 69.378707 -2.819150
60 0 Car 0 0 2.018620 311.986061 180.026295 401.571945 220.497882 1.449719 1.587566 4.279449 -9.819898 1.740606 28.229707 1.686377
60 2 Car 0 0 3.124723 820.666755 169.788433 864.791071 185.007235 1.414550 1.589373 4.009846 22.526139 1.154977 69.963613 -2.848425
60 5 Car 0 1 3.068944 884.020169 167.707066 932.044867 185.197339 1.592328 1.640353 4.075885 28.211869 1.146882 68.427902 -2.824917
61 0 Car 0 0 2.035906 280.689060 179.782829 379.868733 223.536026 1.449719 1.587566 4.279449 -10.074786 1.711025 26.245945 1.672394
61 2 Car 0 0 3.118479 816.791044 169.121775 861.432862 184.552450 1.414550 1.589373 4.009846 21.881111 1.096128 69.053793 -2.859286
61 5 Car 0 1 3.063506 883.386743 166.551940 932.164757 184.310096 1.592328 1.640353 4.075885 27.794346 1.047766 67.477630 -2.830684
62 0 Car 0 0 2.059317 245.287351 179.443065 356.429946 227.049332 1.449719 1.587566 4.279449 -10.288092 1.681030 24.283574 1.662145
62 2 Car 0 0 3.112373 812.761626 168.437393 857.982337 184.085138 1.414550 1.589373 4.009846 21.236083 1.037279 68.143972 -2.870148
62 5 Car 0 1 3.058077 882.736411 165.378583 932.287487 183.411930 1.592328 1.640353 4.075885 27.376838 0.950015 66.527344 -2.836451
62 7 Van 0 1 2.851569 1039.925727 161.260454 1097.871525 183.014679 1.825740 1.708272 3.922096 40.062774 0.865295 63.083733 -2.868060
63 0 Car 0 0 2.087391 203.003650 179.002270 329.233918 231.246341 1.449719 1.587566 4.279449 -10.501399 1.651035 22.321202 1.651897
63 2 Car 0 0 3.106409 808.575979 167.734570 854.435767 183.604778 1.414550 1.589373 4.009846 20.591055 0.978430 67.234152 -2.881009
63 5 Car 0 1 3.052946 883.517043 164.389020 933.879893 182.696875 1.592328 1.640353 4.075885 27.099152 0.871513 65.594998 -2.840213
63 7 Van 0 1 2.844168 1043.157093 160.548111 1102.132206 182.630159 1.825740 1.708272 3.922096 39.810674 0.819595 62.181648 -2.871821
64 0 Car 0 0 2.120087 154.353616 180.821963 299.689814 238.902876 1.449719 1.587566 4.279449 -10.644941 1.686214 20.362563 1.643431
64 2 Car 0 0 3.107474 804.905848 167.345274 851.269502 183.423544 1.414550 1.589373 4.009846 20.016646 0.949223 66.390279 -2.884296
64 5 Car 0 1 3.047778 884.337973 164.645323 935.538019 183.212791 1.592328 1.640353 4.075885 26.822648 0.904862 64.661483 -2.843974
64 7 Van 0 1 2.836678 1046.482576 159.814491 1106.519797 182.234157 1.825740 1.708272 3.922096 39.558573 0.773896 61.279562 -2.875583
65 0 Car 0 0 2.159165 93.998141 182.827265 264.516185 248.403883 1.449719 1.587566 4.279449 -10.788483 1.721394 18.403923 1.634966
65 2 Car 0 0 3.108662 801.179001 169.777972 848.060114 186.027291 1.414550 1.589373 4.009846 19.444903 1.172377 65.543768 -2.887584
65 5 Car 0 1 3.042569 885.184028 164.986484 937.246251 183.819832 1.592328 1.640353 4.075885 26.546215 0.944889 63.727898 -2.847736
65 7 Van 0 1 2.829095 1049.906333 159.058628 1111.040072 181.826151 1.825740 1.708272 3.922096 39.306472 0.728196 60.377477 -2.879345
66 0 Car 0 0 2.201472 23.135993 183.902548 225.743683 258.359292 1.449719 1.587566 4.279449 -10.875264 1.722996 16.522540 1.626501
66 2 Car 0 0 3.109979 797.317450 169.247587 844.723069 185.717825 1.414550 1.589373 4.009846 18.870348 1.129293 64.700040 -2.890871
66 5 Car 0 1 3.037320 886.071719 166.520549 939.023805 185.606338 1.592328 1.640353 4.075885 26.270846 1.085632 62.793260 -2.851498
66 7 Van 0 1 2.821417 1053.432771 158.279496 1115.699156 181.405587 1.825740 1.708272 3.922096 39.054372 0.682497 59.475391 -2.883107
67 0 Car 0 0 2.252167 0.000000 185.218332 178.287352 270.980688 1.449719 1.587566 4.279449 -10.962045 1.724598 14.641158 1.618035
67 2 Car 0 0 3.111431 793.345497 167.922024 841.285534 184.630789 1.414550 1.589373 4.009846 18.295076 1.018433 63.857021 -2.894158
67 5 Car 0 1 3.032028 886.934246 164.379601 940.798300 183.792900 1.592328 1.640353 4.075885 25.992178 0.914166 61.861886 -2.855259
67 7 Van 0 1 2.813639 1057.066564 157.476002 1120.503561 180.971877 1.825740 1.708272 3.922096 38.802271 0.636798 58.573306 -2.886868
68 0 Car 1 0 2.312984 0.000000 186.865479 118.863034 274.885653 1.449719 1.587566 4.279449 -11.048826 1.726200 12.759775 1.609570
68 2 Car 0 0 3.113021 789.266139 166.748572 837.757133 183.699511 1.414550 1.589373 4.009846 17.719974 0.923674 63.013833 -2.897446
68 5 Car 0 1 3.029504 886.827199 162.451500 941.486381 182.171084 1.592328 1.640353 4.075885 25.658208 0.764620 61.013204 -2.857463
68 7 Van 0 1 2.810358 1062.304011 156.098128 1126.985146 179.985620 1.825740 1.708272 3.922096 38.674563 0.548322 57.677633 -2.884586
69 0 Car 1 0 2.383396 0.000000 189.792631 47.238029 277.141224 1.449719 1.587566 4.279449 -11.100143 1.743875 10.943503 1.603103
69 2 Car 0 0 3.109871 784.026720 165.340929 833.116086 182.534824 1.414550 1.589373 4.009846 17.063120 0.811434 62.197510 -2.906944
69 5 Car 0 1 3.026970 886.730533 161.416335 942.208685 181.433987 1.592328 1.640353 4.075885 25.325054 0.692405 60.163714 -2.859666
69 7 Van 0 1 2.806945 1067.709816 155.131986 1133.685109 179.416829 1.825740 1.708272 3.922096 38.547226 0.494946 56.781593 -2.882304
70 2 Car 0 0 3.106911 778.657922 164.949029 828.363821 182.376366 1.414550 1.589373 4.009846 16.407194 0.787032 61.380268 -2.916442
70 5 Car 0 1 3.024428 886.642209 161.135473 942.964006 181.445575 1.592328 1.640353 4.075885 24.992566 0.683243 59.313564 -2.861870
70 7 Van 0 1 2.803396 1073.289247 154.433476 1140.611385 179.124023 1.825740 1.708272 3.922096 38.420128 0.464228 55.885317 -2.880022
71 2 Car 0 0 3.104152 773.168038 166.292079 823.504910 183.934926 1.414550 1.589373 4.009846 15.752786 0.906278 60.561525 -2.925940
71 5 Car 0 1 3.021875 886.563514 161.709501 943.754871 182.304649 1.592328 1.640353 4.075885 24.660801 0.742446 58.462700 -2.864073
71 7 Van 0 1 2.799706 1079.054235 154.234208 1147.779459 179.334919 1.825740 1.708272 3.922096 38.293441 0.472402 54.988634 -2.877740
72 2 Car 0 0 3.101600 767.526780 167.427445 818.507233 185.296261 1.414550 1.589373 4.009846 15.098168 1.005674 59.742990 -2.935438
72 5 Car 0 1 3.019312 886.498331 163.426294 944.586757 184.293748 1.592328 1.640353 4.075885 24.329963 0.889460 57.610918 -2.866277
72 7 Van 0 1 2.795871 1085.031624 155.628248 1155.221624 181.123359 1.825740 1.708272 3.922096 38.167991 0.597638 54.090727 -2.875458
73 2 Car 0 0 3.099265 761.736870 169.079426 813.375001 187.175397 1.414550 1.589373 4.009846 14.443961 1.143910 58.924048 -2.944936
73 5 Car 0 1 3.019021 885.150724 163.929311 944.025511 185.078665 1.592328 1.640353 4.075885 23.918520 0.938453 56.819453 -2.867754
73 7 Van 0 1 2.787931 1091.393230 155.232727 1163.078180 181.147012 1.825740 1.708272 3.922096 38.085342 0.589559 53.234330 -2.876935
74 2 Car 0 0 3.097158 755.788564 170.998502 808.098791 189.326971 1.414550 1.589373 4.009846 13.789937 1.299560 58.104925 -2.954434
74 5 Car 0 1 3.018764 883.771355 164.841470 943.454086 186.273055 1.592328 1.640353 4.075885 23.507394 1.017370 56.027675 -2.869232
74 7 Van 0 1 2.779843 1097.958270 154.823980 1171.197513 181.171445 1.825740 1.708272 3.922096 38.002693 0.581481 52.377933 -2.878413
75 2 Car 0 0 3.062483 749.145251 170.855316 802.755182 189.474180 1.414550 1.589373 4.009846 13.106308 1.290154 57.225654 -2.996963
75 5 Car 0 1 3.018544 882.345969 165.248532 942.857670 186.980402 1.592328 1.640353 4.075885 23.095847 1.056543 55.236312 -2.870709
75 7 Van 0 1 2.771602 1104.736661 154.401331 1179.593036 181.196697 1.825740 1.708272 3.922096 37.920044 0.573403 51.521535 -2.879890
76 2 Car 0 0 3.028081 742.299795 168.443010 797.176200 187.375462 1.414550 1.589373 4.009846 12.420843 1.106866 56.348200 -3.039493
76 5 Car 0 1 3.018361 880.845004 163.126421 942.204359 185.216536 1.592328 1.640353 4.075885 22.682323 0.908561 54.446906 -2.872187
76 7 Van 0 1 2.763203 1111.738968 153.964061 1188.279086 181.222812 1.825740 1.708272 3.922096 37.837395 0.565324 50.665138 -2.881368
77 2 Car 0 0 2.993966 735.280423 166.822816 791.393842 186.060441 1.414550 1.589373 4.009846 11.736066 0.988755 55.470065 -3.082022
77 5 Car 0 1 3.018217 879.323070 162.551316 941.556106 184.979572 1.592328 1.640353 4.075885 22.270034 0.877457 53.656278 -2.873664
77 7 Van 0 1 2.754641 1118.976473 153.511395 1197.271013 181.249832 1.825740 1.708272 3.922096 37.754746 0.557246 49.808740 -2.882845
78 2 Car 0 0 2.960153 728.075890 165.870283 785.396844 185.411745 1.414550 1.589373 4.009846 11.051852 0.923916 54.591373 -3.124552
78 5 Car 0 1 3.021712 874.575771 161.118657 937.381282 183.853262 1.592328 1.640353 4.075885 21.669108 0.784103 53.002161 -2.875465
78 7 Van 0 1 2.747711 1124.188767 153.949355 1203.978867 182.094680 1.825740 1.708272 3.922096 37.601822 0.605803 49.075864 -2.884646
78 14 Car 0 0 0.771037 362.417899 176.806439 412.887909 197.281425 1.485515 1.593908 3.459552 -16.623572 1.801351 53.862828 0.472782
79 2 Car 0 0 2.926655 720.720081 169.330732 779.223888 189.190389 1.414550 1.589373 4.009846 10.371083 1.185192 53.709273 3.116104
79 5 Car 0 1 3.025363 869.752561 162.600575 933.144862 185.591165 1.592328 1.640353 4.075885 21.070389 0.899547 52.345861 -2.877266
79 7 Van 0 1 2.740668 1129.537756 153.360927 1210.874746 181.946085 1.825740 1.708272 3.922096 37.448181 0.586535 48.343696 -2.886446
79 14 Car 0 0 0.721357 361.752389 177.758910 414.086252 198.654981 1.485515 1.593908 3.459552 -16.268688 1.864707 52.782994 0.423490
80 2 Car 0 0 2.892550 711.745835 169.953767 771.431825 190.163392 1.414550 1.589373 4.009846 9.581820 1.233637 52.789342 3.070830
80 5 Car 0 1 3.029176 864.808771 164.067782 928.797661 187.321614 1.592328 1.640353 4.075885 20.471629 1.011282 51.689600 -2.879066
80 7 Van 0 1 2.733509 1135.100589 155.837560 1218.047497 184.814819 1.825740 1.708272 3.922096 37.296632 0.765248 47.609458 -2.888247
80 14 Car 0 0 0.671660 361.121462 178.748299 415.265643 200.083308 1.485515 1.593908 3.459552 -15.913803 1.928063 51.703160 0.374199
81 2 Car 0 0 2.858885 702.485475 170.597771 763.325188 191.174002 1.414550 1.589373 4.009846 8.792557 1.282081 51.869411 3.025555
81 5 Car 0 1 3.033158 859.736986 165.306664 924.332103 188.835554 1.592328 1.640353 4.075885 19.872676 1.104619 51.033532 -2.880867
81 7 Van 0 1 2.726230 1140.804827 156.722562 1225.417742 186.137131 1.825740 1.708272 3.922096 37.143967 0.838369 46.876325 -2.890048
81 14 Car 0 0 0.621946 360.528553 179.776751 416.424221 201.601261 1.485515 1.593908 3.459552 -15.558918 1.991418 50.623326 0.324908
82 2 Car 0 0 2.825686 692.921839 171.263699 754.888927 192.224353 1.414550 1.589373 4.009846 8.003294 1.330526 50.949481 2.980280
82 5 Car 0 1 3.037317 854.541562 166.994495 919.753856 190.796972 1.592328 1.640353 4.075885 19.274022 1.226256 50.377167 -2.882668
82 7 Van 0 1 2.718827 1146.687414 157.712641 1233.029379 187.576702 1.825740 1.708272 3.922096 36.991353 0.916232 46.143142 -2.891849
82 14 Car 0 0 0.615789 361.534264 179.704769 418.505285 201.940516 1.485515 1.593908 3.459552 -15.168079 1.977527 49.696265 0.320715
83 2 Car 0 0 2.792976 683.036358 171.952569 746.107044 193.316730 1.414550 1.589373 4.009846 7.214031 1.378970 50.029550 2.935006
83 5 Car 0 1 3.043240 848.132034 166.938174 913.785302 191.013500 1.592328 1.640353 4.075885 18.629017 1.227027 49.812166 -2.884267
83 7 Van 0 1 2.713861 1150.056321 157.517071 1237.868013 187.814912 1.825740 1.708272 3.922096 36.725847 0.917838 45.492681 -2.893448
83 14 Car 0 0 0.609554 362.579209 179.630092 420.663930 202.292831 1.485515 1.593908 3.459552 -14.777240 1.963636 48.769204 0.316521
84 2 Car 0 0 2.760781 672.808920 172.665478 736.962497 194.453590 1.414550 1.589373 4.009846 6.424768 1.427415 49.109619 2.889731
84 5 Car 0 1 3.049380 841.578665 166.880534 907.676676 191.235055 1.592328 1.640353 4.075885 17.984012 1.227798 49.247164 -2.885867
84 6 Car 0 1 2.879647 986.483177 167.682206 1073.646288 191.147684 1.456878 1.640357 4.625636 27.307495 1.165329 47.080298 -2.880872
84 7 Van 0 1 2.708816 1153.520652 157.334806 1241.000000 188.060121 1.825740 1.708272 3.922096 36.460340 0.919443 44.842220 -2.895047
84 14 Car 0 0 0.603238 363.665701 179.552566 422.904607 202.658975 1.485515 1.593908 3.459552 -14.386401 1.949745 47.842143 0.312328
85 2 Car 0 0 2.731481 662.425425 172.643902 727.823047 194.918071 1.414550 1.589373 4.009846 5.640225 1.425379 48.064738 2.847212
85 5 Car 0 1 3.055743 834.876554 166.821528 901.422994 191.461812 1.592328 1.640353 4.075885 17.339008 1.228569 48.682163 -2.887466
85 6 Car 0 1 2.881236 982.958286 164.713524 1070.984713 188.535025 1.456878 1.640357 4.625636 26.784389 0.983467 46.526120 -2.882507
85 7 Van 0 1 2.703691 1157.084516 157.205525 1241.000000 188.312643 1.825740 1.708272 3.922096 36.194834 0.921049 44.191759 -2.896647
85 14 Car 0 0 0.596836 364.796235 179.472023 425.232113 203.039777 1.485515 1.593908 3.459552 -13.995562 1.935853 46.915082 0.308134
86 2 Car 0 0 2.702808 651.601058 172.622135 718.251707 195.404013 1.414550 1.589373 4.009846 4.855682 1.423344 47.019856 2.804692
86 5 Car 0 1 3.062338 828.020575 166.761107 895.019033 191.693958 1.592328 1.640353 4.075885 16.694003 1.229340 48.117162 -2.889065
86 6 Car 0 1 2.882915 979.423344 166.526547 1068.340848 190.591950 1.456878 1.640357 4.625636 26.264455 1.101785 45.968804 -2.884143
86 7 Van 0 1 2.698482 1160.752260 157.072402 1241.000000 188.572810 1.825740 1.708272 3.922096 35.929328 0.922654 43.541298 -2.898246
86 14 Car 0 0 0.590342 365.973510 179.388285 427.651628 203.436137 1.485515 1.593908 3.459552 -13.604723 1.921962 45.988022 0.303940
87 2 Car 0 0 2.674803 640.302958 172.600137 708.222009 195.912923 1.414550 1.589373 4.009846 4.071139 1.421309 45.974974 2.762173
87 5 Car 0 1 3.069175 821.005364 166.699219 888.459313 191.931687 1.592328 1.640353 4.075885 16.048999 1.230111 47.552160 -2.890665
87 6 Car 0 1 2.884688 975.745408 164.473312 1065.563131 188.886751 1.456878 1.640357 4.625636 25.741998 0.981252 45.413985 -2.885778
87 7 Van 0 1 2.693186 1164.528490 156.935267 1241.000000 188.840975 1.825740 1.708272 3.922096 35.663822 0.924259 42.890837 -2.899846
87 14 Car 0 0 0.478477 368.960754 179.268589 432.265702 203.788428 1.485515 1.593908 3.459552 -13.143683 1.907153 45.263867 0.197092
88 2 Car 0 0 2.647508 628.494977 172.577867 697.705225 196.446454 1.414550 1.589373 4.009846 3.286596 1.419273 44.930092 2.719653
88 5 Car 0 1 3.048518 812.968387 166.691808 881.456302 192.239208 1.592328 1.640353 4.075885 15.366360 1.233908 46.979741 -2.920685
88 6 Car 0 1 2.886558 972.002522 163.961141 1062.742133 188.691572 1.456878 1.640357 4.625636 25.220555 0.956780 44.858162 -2.887413
88 7 Van 0 1 2.690423 1165.343056 156.746468 1241.000000 189.031020 1.825740 1.708272 3.922096 35.304642 0.923520 42.359767 -2.901502
88 14 Car 0 0 0.366434 372.448113 179.129349 436.630122 204.149152 1.485515 1.593908 3.459552 -12.682644 1.892343 44.539712 0.090244
88 15 Car 0 1 1.009572 255.993725 181.491528 310.357433 204.788839 1.500000 1.616834 3.673507 -22.007968 2.101363 48.498646 0.585365
89 2 Car 0 0 2.620969 616.137261 172.555276 686.670098 197.006419 1.414550 1.589373 4.009846 2.502053 1.417238 43.885210 2.677133
89 5 Car 0 1 3.028150 804.749355 166.684841 874.260042 192.554848 1.592328 1.640353 4.075885 14.683721 1.237705 46.407321 -2.950705
89 6 Car 0 1 2.888530 968.225311 167.294295 1059.914365 192.251433 1.456878 1.640357 4.625636 24.701539 1.161996 44.299938 -2.889048
89 7 Van 0 1 2.687634 1166.177905 156.552861 1241.000000 189.225964 1.825740 1.708272 3.922096 34.945463 0.922781 41.828696 -2.903159
89 14 Car 0 0 0.254205 376.467431 178.975818 440.739725 204.517592 1.485515 1.593908 3.459552 -12.221604 1.877534 43.815557 -0.016604
89 15 Car 0 1 1.012176 251.630938 181.306512 307.234421 205.144650 1.500000 1.616834 3.673507 -21.767887 2.076425 47.423552 0.583709
90 2 Car 0 0 2.594135 604.673422 172.918150 676.569926 198.001695 1.414550 1.589373 4.009846 1.805573 1.438293 42.836198 2.635549
90 5 Car 0 1 3.008082 796.340698 166.678326 866.864115 192.878929 1.592328 1.640353 4.075885 14.001082 1.241502 45.834901 -2.980725
90 6 Car 0 1 2.892747 962.315029 163.857472 1054.589574 189.157384 1.456878 1.640357 4.625636 24.111575 0.962900 43.857401 -2.890774
90 7 Van 0 1 2.684818 1167.033801 156.354258 1241.000000 189.425998 1.825740 1.708272 3.922096 34.586283 0.922042 41.297626 -2.904816
90 14 Car 0 0 0.141779 381.047526 178.822256 444.593829 204.892975 1.485515 1.593908 3.459552 -11.760565 1.862725 43.091403 -0.123453
90 15 Car 0 1 1.014958 247.066748 181.112881 303.965847 205.517558 1.500000 1.616834 3.673507 -21.527807 2.051488 46.348457 0.582053
91 2 Car 0 0 2.568055 592.644438 173.298130 665.947148 199.050196 1.414550 1.589373 4.009846 1.109092 1.459347 41.787186 2.593965
91 5 Car 0 1 2.988328 787.734420 166.672268 859.261829 193.211788 1.592328 1.640353 4.075885 13.318444 1.245299 45.262482 -3.010745
91 6 Car 0 1 2.897124 956.322426 162.756358 1049.194242 188.344903 1.456878 1.640357 4.625636 23.523094 0.904185 43.413397 -2.892499
91 7 Van 0 1 2.681975 1167.911545 156.150464 1241.000000 189.631326 1.825740 1.708272 3.922096 34.227104 0.921303 40.766556 -2.906473
91 14 Car 0 0 0.117678 386.406224 178.643173 450.310898 205.128149 1.485515 1.593908 3.459552 -11.258672 1.847058 42.451281 -0.140387
91 15 Car 0 1 1.015279 244.658881 181.316251 302.669839 206.202215 1.500000 1.616834 3.673507 -21.248769 2.054442 45.493190 0.580286
92 2 Car 0 0 2.542781 580.002573 173.696398 654.765415 200.156190 1.414550 1.589373 4.009846 0.412611 1.480402 40.738174 2.552381
92 5 Car 0 1 2.968899 778.922064 166.666675 851.446199 193.553781 1.592328 1.640353 4.075885 12.635805 1.249096 44.690062 -3.040765
92 6 Car 0 1 2.901669 950.229337 163.028749 1043.708086 188.876164 1.456878 1.640357 4.625636 22.935464 0.926063 42.968551 -2.894224
92 7 Van 0 1 2.679103 1168.811979 155.941274 1241.000000 189.842159 1.825740 1.708272 3.922096 33.867925 0.920564 40.235485 -2.908129
92 14 Car 0 0 0.093331 391.950060 178.458912 456.182633 205.370757 1.485515 1.593908 3.459552 -10.756779 1.831392 41.811159 -0.157321
92 15 Car 0 1 1.015674 242.159171 181.527438 301.323915 206.914069 1.500000 1.616834 3.673507 -20.969730 2.057397 44.637923 0.578519
93 2 Car 0 0 2.518368 566.694689 174.114252 642.984804 201.324408 1.414550 1.589373 4.009846 -0.283870 1.501457 39.689161 2.510797
93 5 Car 0 1 2.943281 770.182150 166.684379 843.795203 193.928544 1.592328 1.640353 4.075885 11.974235 1.254094 44.117454 -3.076870
93 6 Car 0 1 2.906387 944.016670 163.635897 1038.109677 189.739111 1.456878 1.640357 4.625636 22.348033 0.966717 42.523508 -2.895950
93 7 Van 0 1 2.687281 1166.641727 155.773231 1241.000000 190.054755 1.825740 1.708272 3.922096 33.423366 0.922598 39.821299 -2.901399
93 14 Car 0 0 0.068214 398.240824 178.234527 462.468645 205.464422 1.485515 1.593908 3.459552 -10.276550 1.815101 41.349907 -0.174256
93 15 Car 0 1 1.016149 239.562255 181.746900 299.925140 207.654774 1.500000 1.616834 3.673507 -20.690691 2.060351 43.782656 0.576752
94 2 Car 0 0 2.494876 552.661457 174.553127 630.561345 202.560109 1.414550 1.589373 4.009846 -0.980350 1.522511 38.640149 2.469213
94 5 Car 0 1 2.917999 761.235287 166.703358 835.914048 194.313889 1.592328 1.640353 4.075885 11.312664 1.259092 43.544846 -3.112974
94 6 Car 0 1 2.911285 937.667523 163.675550 1032.380038 190.055010 1.456878 1.640357 4.625636 21.760255 0.974580 42.078808 -2.897675
94 7 Van 0 1 2.695493 1164.430732 155.601008 1241.000000 190.271683 1.825740 1.708272 3.922096 32.978808 0.924633 39.407113 -2.894668
94 14 Car 0 0 0.042878 404.695585 178.005478 468.875982 205.560102 1.485515 1.593908 3.459552 -9.796321 1.798811 40.888654 -0.191190
94 15 Car 0 1 1.016708 236.862345 181.975134 298.470344 208.426119 1.500000 1.616834 3.673507 -20.411653 2.063306 42.927389 0.574985
95 2 Car 0 0 2.467641 539.095828 174.656583 618.825314 203.575238 1.414550 1.589373 4.009846 -1.602927 1.524201 37.478478 2.424727
95 5 Car 0 1 2.893067 752.071981 166.723632 827.794982 194.710254 1.592328 1.640353 4.075885 10.651094 1.264089 42.972238 3.134106
95 6 Car 0 1 2.916371 931.237136 167.289261 1026.584119 193.857798 1.456878 1.640357 4.625636 21.174586 1.182037 41.632022 -2.899401
95 7 Van 0 1 2.703740 1162.177763 155.424454 1241.000000 190.493076 1.825740 1.708272 3.922096 32.534249 0.926667 38.992926 -2.887937
95 14 Car 0 1 0.017317 411.320233 177.771617 476.112307 205.657865 1.485515 1.593908 3.459552 -9.316092 1.782520 40.427402 -0.208124
95 15 Car 0 1 1.017355 234.053183 182.212677 296.956100 209.230046 1.500000 1.616834 3.673507 -20.132614 2.066260 42.072122 0.573218
96 2 Car 0 0 2.441472 524.658525 174.766613 606.334193 204.658614 1.414550 1.589373 4.009846 -2.225504 1.525891 36.316807 2.380241
96 5 Car 0 1 2.868498 742.682154 166.745223 819.429918 195.118097 1.592328 1.640353 4.075885 9.989523 1.269087 42.399630 3.098002
96 6 Car 0 1 2.919103 923.697374 164.142782 1019.393806 191.012498 1.456878 1.640357 4.625636 20.581558 1.010182 41.296419 -2.904766
96 7 Van 0 1 2.712024 1159.881540 155.243410 1241.000000 190.719075 1.825740 1.708272 3.922096 32.089691 0.928702 38.578740 -2.881206
96 14 Car 0 1 -0.033268 420.108499 177.688314 485.130757 205.789823 1.485515 1.593908 3.459552 -8.798581 1.776010 40.162811 -0.247952
96 15 Car 0 1 0.984213 231.340971 182.213406 296.869546 209.712756 1.500000 1.616834 3.673507 -19.848529 2.056740 41.313584 0.538574
97 2 Car 0 0 2.416458 509.254976 174.883774 593.020417 205.817271 1.414550 1.589373 4.009846 -2.848080 1.527580 35.155136 2.335755
97 5 Car 0 1 2.844309 733.055096 166.768151 810.810404 195.537903 1.592328 1.640353 4.075885 9.327953 1.274085 41.827022 3.061897
97 6 Car 0 1 2.922034 916.118432 166.851609 1012.181151 193.875593 1.456878 1.640357 4.625636 19.991960 1.162944 40.957423 -2.910132
97 7 Van 0 1 2.720345 1157.540730 155.057711 1241.000000 190.949825 1.825740 1.708272 3.922096 31.645133 0.930736 38.164554 -2.874475
97 14 Car 0 1 -0.084047 427.844662 177.604822 494.183372 205.922279 1.485515 1.593908 3.459552 -8.281069 1.769500 39.898220 -0.287780
97 15 Car 0 1 0.951124 228.558157 182.214596 296.739644 210.212059 1.500000 1.616834 3.673507 -19.564443 2.047220 40.555046 0.503930
98 2 Car 0 0 2.392697 492.776712 175.008697 578.807811 207.059245 1.414550 1.589373 4.009846 -3.470657 1.529270 33.993465 2.291269
98 5 Car 0 1 2.821881 722.350004 167.197564 801.181689 196.421091 1.592328 1.640353 4.075885 8.609403 1.302382 41.198183 3.026107
98 6 Car 0 1 2.925171 908.342548 164.464314 1004.762862 191.775615 1.456878 1.640357 4.625636 19.399401 1.035507 40.621355 -2.915498
98 7 Van 0 1 2.722283 1152.978805 155.429504 1241.000000 191.735510 1.825740 1.708272 3.922096 31.113833 0.962135 37.790761 -2.876059
98 14 Car 0 2 -0.137390 437.393474 177.501714 504.937713 205.926827 1.485515 1.593908 3.459552 -7.693564 1.762869 39.779731 -0.327608
98 15 Car 0 1 0.918092 225.701244 182.216279 296.563319 210.728865 1.500000 1.616834 3.673507 -19.280357 2.037700 39.796507 0.469286
99 2 Car 0 1 2.370293 475.098731 175.142094 563.610140 208.393753 1.414550 1.589373 4.009846 -4.093233 1.530959 32.831794 2.246783
99 5 Car 0 0 2.799942 711.327459 167.639587 791.234762 197.334501 1.592328 1.640353 4.075885 7.890853 1.330680 40.569343 2.990317
99 6 Car 0 1 2.928521 900.482802 165.256078 997.271514 192.778703 1.456878 1.640357 4.625636 18.808681 1.082054 40.283469 -2.920864
99 7 Van 0 1 2.724313 1148.328430 155.810080 1241.000000 192.537164 1.825740 1.708272 3.922096 30.582534 0.993533 37.416969 -2.877643
99 14 Car 0 2 -0.190884 447.088425 177.398983 515.661497 205.929594 1.485515 1.593908 3.459552 -7.106059 1.756238 39.661242 -0.367435
99 15 Car 0 1 0.885119 222.766413 182.218485 296.337336 211.264150 1.500000 1.616834 3.673507 -18.996272 2.028179 39.037969 0.434642
100 2 Car 0 1 2.350810 457.760245 175.587205 549.263222 210.260809 1.414550 1.589373 4.009846 -4.625165 1.546211 31.592062 2.206173
100 5 Car 0 0 2.778513 699.970454 168.094697 780.956802 198.279637 1.592328 1.640353 4.075885 7.172302 1.358978 39.940504 2.954527
100 6 Car 0 1 2.932089 892.510037 167.418124 989.673836 195.123612 1.456878 1.640357 4.625636 18.218728 1.201324 39.944823 -2.926230
100 7 Van 0 1 2.726437 1143.587001 156.199732 1241.000000 193.355279 1.825740 1.708272 3.922096 30.051235 1.024931 37.043177 -2.879227
100 14 Car 0 2 -0.244528 456.932537 177.296625 526.353931 205.930515 1.485515 1.593908 3.459552 -6.518554 1.749607 39.542753 -0.407263
100 15 Car 0 1 0.852209 219.749485 182.221247 296.058274 211.818968 1.500000 1.616834 3.673507 -18.712186 2.018659 38.279431 0.399998
101 2 Car 0 1 2.332892 438.943334 176.065606 533.784481 212.290811 1.414550 1.589373 4.009846 -5.157097 1.561462 30.352330 2.165563
101 5 Car 0 0 2.757618 688.260780 168.563404 770.334260 199.258101 1.592328 1.640353 4.075885 6.453752 1.387275 39.311664 2.918736
101 6 Car 0 1 2.926133 884.387623 167.501621 981.995258 195.434720 1.456878 1.640357 4.625636 17.640849 1.207790 39.627976 -2.941259
101 7 Van 0 1 2.728658 1138.751814 156.598764 1241.000000 194.190369 1.825740 1.708272 3.922096 29.519935 1.056329 36.669384 -2.880811
101 14 Car 0 2 -0.288619 465.660952 177.248434 536.010467 206.128213 1.485515 1.593908 3.459552 -5.965007 1.744822 39.232646 -0.438943
101 15 Car 0 1 0.849116 220.655167 182.181398 298.175799 212.245099 1.500000 1.616834 3.673507 -18.352719 2.009115 37.704327 0.398615
102 2 Car 0 1 2.316691 418.441438 176.581180 517.042278 214.505807 1.414550 1.589373 4.009846 -5.689029 1.576713 29.112598 2.124953
102 5 Car 0 0 2.737280 676.178942 169.046244 759.352806 200.271598 1.592328 1.640353 4.075885 5.735202 1.415573 38.682825 2.882946
102 6 Car 0 1 2.920396 876.136038 167.586560 974.189858 195.751338 1.456878 1.640357 4.625636 17.062971 1.214256 39.311129 -2.956289
102 7 Van 0 1 2.730982 1133.820055 157.007497 1241.000000 195.042965 1.825740 1.708272 3.922096 28.988636 1.087728 36.295592 -2.882395
102 14 Car 0 1 -0.332954 474.591271 177.199999 545.755317 206.328341 1.485515 1.593908 3.459552 -5.411460 1.740037 38.922539 -0.470624
102 15 Car 0 1 0.845967 221.589128 182.140324 300.358465 212.684920 1.500000 1.616834 3.673507 -17.993252 1.999570 37.129222 0.397231
103 2 Car 0 1 2.302378 396.008108 177.138454 498.883286 216.932002 1.414550 1.589373 4.009846 -6.220960 1.591965 27.872866 2.084343
103 5 Car 0 0 2.717522 663.704014 169.543794 747.997246 201.321946 1.592328 1.640353 4.075885 5.016652 1.443871 38.053985 2.847156
103 6 Car 0 1 2.914887 867.751776 167.672970 966.254928 196.073612 1.456878 1.640357 4.625636 16.485092 1.220722 38.994281 -2.971318
103 7 Van 0 1 2.736248 1126.495631 156.960246 1236.348826 195.270989 1.825740 1.708272 3.922096 28.440195 1.091843 36.063317 -2.883319
103 14 Car 0 1 -0.377537 483.729484 177.151308 555.590139 206.530928 1.485515 1.593908 3.459552 -4.857913 1.735252 38.612432 -0.502304
103 15 Car 0 0 0.842759 222.552711 182.097966 302.609328 213.139103 1.500000 1.616834 3.673507 -17.633785 1.990025 36.554117 0.395848
104 2 Car 0 1 2.281884 375.765510 177.761270 483.203007 219.730061 1.414550 1.589373 4.009846 -6.579960 1.607440 26.568557 2.040971
104 5 Car 0 0 2.692003 652.054976 169.366270 737.577116 201.735366 1.592328 1.640353 4.075885 4.360006 1.436518 37.380445 2.806766
104 6 Car 0 1 2.909611 859.231211 167.760882 958.187686 196.401694 1.456878 1.640357 4.625636 15.907213 1.227187 38.677434 -2.986347
104 7 Van 0 1 2.741656 1119.079120 156.940113 1229.097833 195.502020 1.825740 1.708272 3.922096 27.891754 1.095959 35.831042 -2.884244
104 14 Car 0 0 -0.419630 492.339489 177.205300 564.277829 206.628095 1.485515 1.593908 3.459552 -4.387460 1.737599 38.571397 -0.532592
104 15 Car 0 0 0.839490 223.547343 182.054264 304.931637 213.608363 1.500000 1.616834 3.673507 -17.274317 1.980480 35.979012 0.394465
105 2 Car 0 1 2.263430 353.302211 178.442100 465.981825 222.839022 1.414550 1.589373 4.009846 -6.938960 1.622915 25.264247 1.997600
105 5 Car 0 0 2.667079 639.993159 169.183882 726.753786 202.164164 1.592328 1.640353 4.075885 3.703359 1.429164 36.706905 2.766375
105 6 Car 0 1 2.904574 850.570581 167.850325 949.985260 196.735740 1.456878 1.640357 4.625636 15.329334 1.233653 38.360587 -3.001377
105 7 Van 0 1 2.747210 1111.568771 156.919711 1221.749176 195.736119 1.825740 1.708272 3.922096 27.343313 1.100075 35.598767 -2.885168
105 14 Car 0 0 -0.461780 501.027024 177.259573 572.925653 206.724426 1.485515 1.593908 3.459552 -3.917006 1.739946 38.530362 -0.562881
105 15 Car 0 0 0.836157 224.574547 182.009152 307.328855 214.093463 1.500000 1.616834 3.673507 -16.914850 1.970936 35.403908 0.393081
106 2 Car 0 1 2.247266 328.215976 179.189537 446.993084 226.313267 1.414550 1.589373 4.009846 -7.297960 1.638391 23.959938 1.954228
106 5 Car 0 0 2.642780 627.492165 168.996354 715.508163 202.609195 1.592328 1.640353 4.075885 3.046713 1.421811 36.033365 2.725985
106 6 Car 0 1 2.897474 842.280665 167.980854 942.172323 197.105891 1.456878 1.640357 4.625636 14.784092 1.242015 38.056263 -3.018086
106 7 Van 0 1 2.752914 1103.962792 156.899034 1214.300872 195.973348 1.825740 1.708272 3.922096 26.794872 1.104190 35.366492 -2.886092
106 14 Car 0 0 -0.498526 511.558738 176.725314 583.149871 206.128952 1.485515 1.593908 3.459552 -3.364657 1.711190 38.577276 -0.585412
106 15 Car 0 0 0.789641 227.302997 181.194336 312.651126 213.622998 1.500000 1.616834 3.673507 -16.490124 1.925485 34.931932 0.351236
107 2 Car 0 0 2.233676 300.002154 180.013983 425.962540 230.220639 1.414550 1.589373 4.009846 -7.656959 1.653866 22.655629 1.910857
107 5 Car 0 0 2.618045 615.302396 169.495462 704.649999 203.824023 1.592328 1.640353 4.075885 2.427907 1.448654 35.336827 2.685595
107 6 Car 0 1 2.890602 833.858382 168.113518 934.230571 197.482695 1.456878 1.640357 4.625636 14.238850 1.250377 37.751939 -3.034795
107 7 Van 0 1 2.758772 1096.259343 156.878076 1206.750882 196.213769 1.825740 1.708272 3.922096 26.246431 1.108306 35.134217 -2.887017
107 14 Car 0 0 -0.535273 522.106346 176.193676 593.309416 205.533585 1.485515 1.593908 3.459552 -2.812307 1.682434 38.624190 -0.607944
107 15 Car 0 1 0.742977 230.196249 180.362059 318.017707 213.138988 1.500000 1.616834 3.673507 -16.065397 1.880035 34.459956 0.309391
108 2 Car 0 0 2.222984 268.018903 180.928153 402.555124 234.646892 1.414550 1.589373 4.009846 -8.015959 1.669341 21.351320 1.867485
108 5 Car 0 0 2.593969 602.631351 170.012657 693.340195 205.092134 1.592328 1.640353 4.075885 1.809101 1.475497 34.640289 2.645205
108 6 Car 0 1 2.883962 825.300048 168.248358 926.157357 197.866327 1.456878 1.640357 4.625636 13.693608 1.258739 37.447615 -3.051503
108 7 Van 0 1 2.764699 1089.669537 156.861325 1200.350441 196.443507 1.825740 1.708272 3.922096 25.769326 1.112319 34.917886 -2.886928
108 14 Car 0 0 -0.572016 532.669695 175.664632 603.404910 204.938361 1.485515 1.593908 3.459552 -2.259958 1.653678 38.671104 -0.630476
108 15 Car 0 1 0.696157 233.263767 179.511706 323.429245 212.641161 1.500000 1.616834 3.673507 -15.640671 1.834585 33.987980 0.267546
109 2 Car 0 0 2.220252 235.908285 181.652480 381.259653 239.528747 1.414550 1.589373 4.009846 -8.224589 1.675447 19.996952 1.834292
109 5 Car 0 0 2.567181 590.390250 170.380128 682.645881 206.319707 1.592328 1.640353 4.075885 1.235734 1.494505 33.869618 2.602814
109 6 Car 0 1 2.877563 816.601849 168.385416 917.949956 198.256973 1.456878 1.640357 4.625636 13.148366 1.267101 37.143291 -3.068212
109 7 Van 0 1 2.770749 1083.000686 156.844357 1193.866991 196.676134 1.825740 1.708272 3.922096 25.292221 1.116332 34.701555 -2.886839
109 14 Car 0 1 -0.608748 543.248600 175.138154 613.436997 204.343317 1.485515 1.593908 3.459552 -1.707608 1.624922 38.718018 -0.653008
109 15 Car 0 1 0.640527 237.218108 179.501423 329.367430 212.917113 1.500000 1.616834 3.673507 -15.250417 1.830727 33.655134 0.217738
110 2 Car 0 0 2.220976 198.587955 182.470453 357.156485 245.198320 1.414550 1.589373 4.009846 -8.433220 1.681552 18.642584 1.801099
110 5 Car 0 0 2.541131 577.589442 170.763169 671.436131 207.608967 1.592328 1.640353 4.075885 0.662368 1.513513 33.098948 2.560424
110 6 Car 0 1 2.871409 807.759828 168.524736 909.605563 198.654820 1.456878 1.640357 4.625636 12.603123 1.275463 36.838967 -3.084921
110 7 Van 0 1 2.776925 1076.251357 156.827168 1187.298906 196.911705 1.825740 1.708272 3.922096 24.815115 1.120345 34.485224 -2.886750
110 14 Car 0 2 -0.645464 553.842842 174.614214 623.406347 203.748490 1.485515 1.593908 3.459552 -1.155259 1.596166 38.764932 -0.675540
110 15 Car 0 2 0.584750 241.394407 179.492071 335.275887 213.329915 1.500000 1.616834 3.673507 -14.860164 1.826869 33.322289 0.167931
111 2 Car 0 0 2.225686 154.661790 183.401589 329.661371 251.862591 1.414550 1.589373 4.009846 -8.641850 1.687657 17.288217 1.767905
111 5 Car 0 0 2.515865 564.183737 171.162713 659.679259 208.964470 1.592328 1.640353 4.075885 0.089001 1.532521 32.328277 2.518034
111 6 Car 0 1 2.846240 798.289767 168.686523 900.838033 199.125075 1.456878 1.640357 4.625636 12.027913 1.284514 36.493434 -3.121302
111 7 Van 0 1 2.783233 1069.420085 156.809752 1180.644517 197.150277 1.825740 1.708272 3.922096 24.338010 1.124358 34.268893 -2.886662
111 14 Car 0 2 -0.701611 563.858815 174.505985 632.012872 203.429488 1.485515 1.593908 3.459552 -0.655563 1.589972 39.013443 -0.718790
111 15 Car 0 2 0.528821 245.802626 179.483362 341.153743 213.751295 1.500000 1.616834 3.673507 -14.469911 1.823011 32.989444 0.118123
112 2 Car 0 0 2.230601 106.224898 184.446652 301.395926 259.888378 1.414550 1.589373 4.009846 -8.757491 1.692812 15.912894 1.734197
112 5 Car 0 0 2.495485 550.026590 171.187289 647.437987 210.002879 1.592328 1.640353 4.075885 -0.484422 1.534219 31.529437 2.479691
112 6 Car 0 1 2.821369 788.664970 168.851741 891.869157 199.605586 1.456878 1.640357 4.625636 11.452703 1.293565 36.147901 3.125502
112 7 Van 0 1 2.792877 1059.226161 156.848865 1169.979282 197.313109 1.825740 1.708272 3.922096 23.769634 1.128467 34.164186 -2.886683
112 14 Car 0 2 -0.757602 573.851895 174.400038 640.416816 203.111850 1.485515 1.593908 3.459552 -0.155868 1.583778 39.261954 -0.762040
112 15 Car 0 1 0.472735 250.452778 179.456020 347.000545 214.181315 1.500000 1.616834 3.673507 -14.079657 1.819154 32.656598 0.068315
113 2 Car 0 0 2.240672 47.141584 185.662912 268.431028 269.652559 1.414550 1.589373 4.009846 -8.873131 1.697967 14.537571 1.700490
113 5 Car 0 0 2.476020 535.117127 171.201298 634.567100 211.098659 1.592328 1.640353 4.075885 -1.057846 1.535916 30.730598 2.441348
113 6 Car 0 1 2.796804 778.879339 169.020422 882.695366 200.096636 1.456878 1.640357 4.625636 10.877493 1.302615 35.802368 3.089120
113 7 Van 0 1 2.802712 1048.971915 156.888227 1159.245854 197.476952 1.825740 1.708272 3.922096 23.201258 1.132576 34.059478 -2.886704
113 14 Car 0 2 -0.813436 583.820834 174.296276 648.624737 202.795627 1.485515 1.593908 3.459552 0.343828 1.577584 39.510464 -0.805290
113 15 Car 0 0 0.399016 258.198365 179.356681 355.017106 214.384531 1.500000 1.616834 3.673507 -13.647166 1.813761 32.495809 0.004012
114 2 Car 0 0 2.256799 0.000000 187.096402 229.503858 281.787799 1.414550 1.589373 4.009846 -8.988772 1.703122 13.162248 1.666782
114 5 Car 0 0 2.457525 519.388181 171.164904 621.022183 212.256612 1.592328 1.640353 4.075885 -1.631269 1.537614 29.931759 2.403005
114 6 Car 0 1 2.772556 768.926489 169.192602 873.313000 200.598516 1.456878 1.640357 4.625636 10.302283 1.311666 35.456835 3.052739
114 7 Van 0 1 2.812742 1038.656812 156.927841 1148.443577 197.641816 1.825740 1.708272 3.922096 22.632882 1.136685 33.954770 -2.886725
114 14 Car 0 1 -0.869110 593.764139 174.194607 656.643173 202.480876 1.485515 1.593908 3.459552 0.843524 1.571389 39.758975 -0.848540
114 15 Car 0 0 0.325129 266.293021 179.259008 362.863822 214.585931 1.500000 1.616834 3.673507 -13.214675 1.808369 32.335021 -0.060291
115 2 Car 0 0 2.292068 0.000000 188.949544 187.336261 296.053430 1.414550 1.589373 4.009846 -9.036984 1.710923 11.780882 1.648441
115 5 Car 0 0 2.435942 504.176057 171.242522 608.092048 213.636821 1.592328 1.640353 4.075885 -2.147184 1.543785 29.109925 2.362427
115 6 Car 0 1 2.748631 758.799736 169.368314 863.718292 201.111523 1.456878 1.640357 4.625636 9.727073 1.320717 35.111302 3.016357
115 7 Van 0 1 2.822970 1028.280310 156.967710 1137.571788 197.807711 1.825740 1.708272 3.922096 22.064506 1.140794 33.850063 -2.886747
115 14 Car 0 0 -0.924625 603.680090 174.084590 664.478644 202.167656 1.485515 1.593908 3.459552 1.343220 1.565195 40.007486 -0.891789
115 15 Car 0 0 0.251071 274.743376 179.163068 370.543854 214.784925 1.500000 1.616834 3.673507 -12.782184 1.802976 32.174232 -0.124594
116 2 Car 1 0 2.335552 0.000000 191.211968 135.818265 298.502106 1.414550 1.589373 4.009846 -9.085196 1.718724 10.399517 1.630100
116 5 Car 0 0 2.415394 488.052602 171.325948 594.424886 215.102590 1.592328 1.640353 4.075885 -2.663098 1.549957 28.288092 2.321849
116 6 Car 0 1 2.726220 748.037037 169.550742 853.524484 201.663379 1.456878 1.640357 4.625636 9.124755 1.330054 34.740183 2.980609
116 7 Van 0 1 2.833399 1017.841857 157.007836 1126.629813 197.974645 1.825740 1.708272 3.922096 21.496130 1.144903 33.745355 -2.886768
116 14 Car 0 0 -0.951399 612.224532 173.800434 671.590389 201.610743 1.485515 1.593908 3.459552 1.794766 1.551038 40.388852 -0.907784
116 15 Car 0 0 0.172340 283.733665 178.835097 377.923418 214.664367 1.500000 1.616834 3.673507 -12.376641 1.787954 32.086159 -0.193371
117 2 Car 1 0 2.388696 0.000000 194.036280 71.459361 300.357953 1.414550 1.589373 4.009846 -9.133408 1.726525 9.018151 1.611759
117 5 Car 0 0 2.395950 470.926169 171.415794 579.962575 216.661953 1.592328 1.640353 4.075885 -3.179013 1.556128 27.466258 2.281271
117 6 Car 0 1 2.704191 737.057228 169.737093 843.090523 202.228567 1.456878 1.640357 4.625636 8.522438 1.339392 34.369063 2.944860
117 7 Van 0 1 2.842126 1006.752058 157.129135 1114.859202 198.166074 1.825740 1.708272 3.922096 20.925037 1.151552 33.685751 -2.889350
117 14 Car 0 0 -0.977963 620.625010 173.521802 678.555559 201.064265 1.485515 1.593908 3.459552 2.246313 1.536881 40.770218 -0.923778
117 15 Car 0 0 0.093477 293.081721 178.510415 385.085095 214.534258 1.500000 1.616834 3.673507 -11.971098 1.772932 31.998087 -0.262148
118 5 Car 0 0 2.377062 453.807179 171.508158 566.026171 218.465785 1.592328 1.640353 4.075885 -3.638042 1.562255 26.567247 2.241763
118 6 Car 0 0 2.682555 725.851081 169.927426 832.411197 202.807500 1.456878 1.640357 4.625636 7.920120 1.348729 33.997944 2.909112
118 7 Van 0 1 2.851053 995.622015 157.250858 1103.047953 198.358246 1.825740 1.708272 3.922096 20.353945 1.158201 33.626147 -2.891932
118 14 Car 0 0 -1.004596 629.143991 173.235493 685.521289 200.460631 1.485515 1.593908 3.459552 2.714423 1.522055 41.229876 -0.939773
118 15 Car 0 1 0.023066 302.737495 178.171558 393.146857 214.245774 1.500000 1.616834 3.673507 -11.604566 1.757925 32.011484 -0.322411
119 5 Car 0 0 2.359476 435.426394 171.608689 551.151318 220.405537 1.592328 1.640353 4.075885 -4.097071 1.568382 25.668236 2.202255
119 6 Car 0 0 2.661323 714.408906 170.121806 821.481085 203.400609 1.456878 1.640357 4.625636 7.317802 1.358067 33.626825 2.873363
119 7 Van 0 1 2.860182 984.451498 157.373005 1091.195868 198.551167 1.825740 1.708272 3.922096 19.782852 1.164851 33.566542 -2.894514
119 14 Car 0 0 -1.030982 637.489359 172.955772 692.321382 199.870491 1.485515 1.593908 3.459552 3.182534 1.507228 41.689533 -0.955767
119 15 Car 0 1 -0.047412 312.617555 177.837311 402.498661 213.949094 1.500000 1.616834 3.673507 -11.238034 1.742917 32.024881 -0.382673
120 5 Car 0 1 2.343293 415.630162 171.718399 535.247446 222.496958 1.592328 1.640353 4.075885 -4.556101 1.574509 24.769225 2.162747
120 6 Car 0 0 2.648560 701.670425 170.488496 809.521493 204.235465 1.456878 1.640357 4.625636 6.661874 1.375529 33.204730 2.844418
120 7 Van 0 1 2.869516 973.240278 157.495581 1079.302748 198.744840 1.825740 1.708272 3.922096 19.211759 1.171500 33.506938 -2.897096
120 14 Car 0 0 -1.057127 645.666372 172.682428 698.961626 199.293411 1.485515 1.593908 3.459552 3.650644 1.492402 42.149190 -0.971762
120 15 Car 0 1 -0.117954 320.192701 177.507604 411.610093 213.644032 1.500000 1.616834 3.673507 -10.871502 1.727909 32.038278 -0.442936
121 5 Car 0 1 2.322207 396.976031 171.849818 520.432590 224.740774 1.592328 1.640353 4.075885 -4.935794 1.581046 23.883249 2.120075
121 6 Car 0 0 2.636319 688.594789 170.863552 797.259634 205.094571 1.456878 1.640357 4.625636 6.005945 1.392991 32.782634 2.815473
121 7 Van 0 1 2.879057 961.988121 157.618586 1067.368390 198.939270 1.825740 1.708272 3.922096 18.640666 1.178149 33.447334 -2.899678
121 14 Car 0 1 -1.119282 651.180631 172.600698 701.337541 198.849300 1.485515 1.593908 3.459552 3.934987 1.488929 42.720126 -1.028485
121 15 Car 0 1 -0.207545 327.741545 177.536570 420.513160 213.544298 1.500000 1.616834 3.673507 -10.548253 1.729499 32.198730 -0.522061
122 5 Car 0 1 2.302551 376.794732 171.993984 504.528829 227.170264 1.592328 1.640353 4.075885 -5.315487 1.587583 22.997274 2.077402
122 6 Car 0 0 2.624616 675.166387 171.247225 784.686066 205.978925 1.456878 1.640357 4.625636 5.350017 1.410453 32.360539 2.786529
122 7 Van 0 1 2.874545 948.871916 157.783705 1053.665572 199.174680 1.825740 1.708272 3.922096 17.991081 1.185940 33.390958 -2.918373
122 14 Car 0 1 -1.181289 656.652232 172.522196 703.567718 198.414346 1.485515 1.593908 3.459552 4.219330 1.485457 43.291061 -1.085208
122 15 Car 0 1 -0.297104 335.582388 177.567761 428.960203 213.432210 1.500000 1.616834 3.673507 -10.225004 1.731088 32.359182 -0.601186
123 5 Car 0 1 2.288270 355.091912 172.366942 488.237036 230.199663 1.592328 1.640353 4.075885 -5.663477 1.599972 22.049831 2.039225
123 6 Car 0 0 2.613465 661.368700 171.639780 771.790880 206.889579 1.456878 1.640357 4.625636 4.694088 1.427915 31.938444 2.757584
123 7 Van 0 1 2.870301 935.705434 157.949528 1039.922463 199.411210 1.825740 1.708272 3.922096 17.341495 1.193730 33.334582 -2.937067
123 14 Car 0 2 -1.200242 661.786941 172.499459 707.138801 197.947004 1.485515 1.593908 3.459552 4.555124 1.484070 44.015405 -1.098218
123 15 Car 0 2 -0.386629 343.719035 177.601000 436.963432 213.307571 1.500000 1.616834 3.673507 -9.901755 1.732678 32.519634 -0.680311
124 5 Car 0 1 2.275778 331.268598 172.778763 470.582878 233.526404 1.592328 1.640353 4.075885 -6.011467 1.612361 21.102389 2.001048
124 6 Car 0 0 2.600561 647.688127 171.903942 759.205405 207.742950 1.456878 1.640357 4.625636 4.056911 1.439351 31.465747 2.727099
124 7 Van 0 1 2.866324 922.487849 158.116042 1026.139506 199.648858 1.825740 1.708272 3.922096 16.691910 1.201520 33.278206 -2.955762
124 14 Car 0 2 -1.218997 666.759439 172.477546 710.590685 197.495309 1.485515 1.593908 3.459552 4.890918 1.482684 44.739748 -1.111228
124 15 Car 0 2 -0.466911 350.642009 177.644149 442.983493 213.120730 1.500000 1.616834 3.673507 -9.663674 1.735077 32.730494 -0.752197
125 5 Car 0 1 2.265248 304.986025 173.235464 451.396732 237.196072 1.592328 1.640353 4.075885 -6.359457 1.624749 20.154947 1.962870
125 6 Car 0 0 2.588271 633.573819 172.175339 746.247571 208.625177 1.456878 1.640357 4.625636 3.419734 1.450786 30.993049 2.696614
125 7 Van 0 1 2.862617 909.218334 158.283237 1012.317138 199.887624 1.825740 1.708272 3.922096 16.042325 1.209311 33.221830 -2.974456
125 14 Car 0 2 -1.237563 671.577361 172.456419 713.929158 197.058492 1.485515 1.593908 3.459552 5.226712 1.481298 45.464091 -1.124238
125 15 Car 0 2 -0.547126 357.779818 177.688340 448.653697 212.924699 1.500000 1.616834 3.673507 -9.425593 1.737477 32.941353 -0.824082
126 5 Car 0 1 2.263384 277.436062 173.827943 432.604738 241.404413 1.592328 1.640353 4.075885 -6.653693 1.638893 19.193704 1.933463
126 6 Car 0 0 2.576614 619.002273 172.454237 732.903169 209.537664 1.456878 1.640357 4.625636 2.782557 1.462222 30.520352 2.666129
126 7 Van 0 1 2.859179 895.896060 158.451101 998.455781 200.127506 1.825740 1.708272 3.922096 15.392740 1.217101 33.165454 -2.993151
126 14 Car 0 2 -1.267567 676.447880 172.561520 716.924293 196.818934 1.485515 1.593908 3.459552 5.550570 1.487886 46.098121 -1.148892
126 15 Car 0 2 -0.627276 365.127831 177.733440 453.988968 212.719689 1.500000 1.616834 3.673507 -9.187512 1.739877 33.152212 -0.895968
127 5 Car 0 1 2.263786 246.632931 174.492056 412.020226 246.109234 1.592328 1.640353 4.075885 -6.947929 1.653038 18.232460 1.904055
127 6 Car 0 0 2.565611 603.948357 172.740918 719.157163 210.481905 1.456878 1.640357 4.625636 2.145380 1.473658 30.047655 2.635645
127 7 Van 0 1 2.846552 882.523885 158.702814 984.666987 200.449728 1.825740 1.708272 3.922096 14.747680 1.228142 33.110756 -3.021210
127 14 Car 0 2 -1.297420 681.202864 172.663851 719.824513 196.596604 1.485515 1.593908 3.459552 5.874428 1.494474 46.732150 -1.173546
127 15 Car 0 1 -0.705969 371.696359 177.778733 457.835535 212.396899 1.500000 1.616834 3.673507 -9.025898 1.742920 33.461422 -0.967854
128 5 Car 0 1 2.258708 214.856265 175.690989 391.597513 251.987676 1.592328 1.640353 4.075885 -7.169198 1.676596 17.243853 1.869674
128 6 Car 0 0 2.555281 588.385170 173.035680 704.993615 211.459490 1.456878 1.640357 4.625636 1.508203 1.485094 29.574958 2.605160
128 7 Van 0 1 2.834190 869.105794 158.955497 970.832947 200.773504 1.825740 1.708272 3.922096 14.102620 1.239183 33.056058 -3.049269
128 14 Car 0 1 -1.327128 685.846251 172.763525 722.634200 196.379647 1.485515 1.593908 3.459552 6.198286 1.501062 47.366180 -1.198200
128 15 Car 0 1 -0.784562 378.424579 177.824421 461.381292 212.069123 1.500000 1.616834 3.673507 -8.864284 1.745963 33.770632 -1.039739
129 5 Car 0 1 2.256314 178.681067 177.058035 368.950706 258.673502 1.592328 1.640353 4.075885 -7.390466 1.700155 16.255246 1.835292
129 6 Car 0 0 2.544959 574.002261 173.535304 692.390338 212.788079 1.456878 1.640357 4.625636 0.943353 1.504594 29.031403 2.576524
129 7 Van 0 1 2.822092 855.640540 159.209107 956.954674 201.098810 1.825740 1.708272 3.922096 13.457560 1.250223 33.001361 -3.077328
129 14 Car 0 0 -1.355520 689.553958 172.847823 724.440752 196.060776 1.485515 1.593908 3.459552 6.489640 1.506828 48.189923 -1.222854
129 15 Car 0 1 -0.863058 385.301510 177.870380 464.644728 211.736872 1.500000 1.616834 3.673507 -8.702670 1.749006 34.079841 -1.111625
130 5 Car 0 0 2.264817 138.158698 177.827788 345.777677 265.734388 1.592328 1.640353 4.075885 -7.566074 1.708742 15.240914 1.810532
130 6 Car 0 0 2.535350 559.039444 174.051638 679.328267 214.173188 1.456878 1.640357 4.625636 0.378504 1.524094 28.487849 2.547889
130 7 Van 0 1 2.810256 842.126897 159.463604 943.033153 201.425621 1.825740 1.708272 3.922096 12.812501 1.261264 32.946663 -3.105387
130 14 Car 0 0 -1.383784 693.149542 172.929360 726.176112 195.752092 1.485515 1.593908 3.459552 6.780993 1.512595 49.013666 -1.247507
130 15 Car 0 1 -0.941457 392.314599 177.916484 467.644401 211.400703 1.500000 1.616834 3.673507 -8.541056 1.752049 34.389051 -1.183511
131 5 Car 0 0 2.276692 90.903202 178.726228 319.713061 273.964316 1.592328 1.640353 4.075885 -7.741681 1.717330 14.226581 1.785772
131 6 Car 0 0 2.526484 543.458211 174.585523 665.784391 215.618364 1.456878 1.640357 4.625636 -0.186345 1.543595 27.944294 2.519253
131 7 Van 0 1 2.798680 828.563646 159.718947 929.069331 201.753910 1.825740 1.708272 3.922096 12.167441 1.272305 32.891966 -3.133446
131 14 Car 0 0 -1.399102 695.306536 173.109436 727.091071 195.543393 1.485515 1.593908 3.459552 7.002075 1.524890 49.848012 -1.260743
131 15 Car 0 1 -1.040750 397.077137 177.996147 466.975540 211.043912 1.500000 1.616834 3.673507 -8.527919 1.757122 34.737155 -1.280138
132 5 Car 0 0 2.292251 35.317417 179.585925 292.160274 284.645055 1.592328 1.640353 4.075885 -7.835141 1.725595 13.115333 1.762299
132 6 Car 0 0 2.518388 527.216682 175.137862 651.734032 217.127448 1.456878 1.640357 4.625636 -0.751194 1.563095 27.400740 2.490618
132 7 Van 0 1 2.794549 815.398294 160.070698 915.733236 202.280479 1.825740 1.708272 3.922096 11.519387 1.289319 32.760495 3.129506
132 14 Car 0 0 -1.414350 697.394855 173.283390 727.973564 195.341508 1.485515 1.593908 3.459552 7.223156 1.537185 50.682358 -1.273978
132 15 Car 0 1 -1.139994 402.128623 178.011068 466.030160 210.757605 1.500000 1.616834 3.673507 -8.514782 1.762195 35.085260 -1.376765
133 5 Car 0 0 2.312670 0.000000 180.579006 260.249022 297.699582 1.592328 1.640353 4.075885 -7.928601 1.733860 12.004084 1.738826
133 6 Car 0 0 2.511088 510.269220 175.709628 637.150676 218.704617 1.456878 1.640357 4.625636 -1.316044 1.582595 26.857185 2.461982
133 7 Van 0 1 2.790732 802.117529 160.424882 902.298864 202.812285 1.825740 1.708272 3.922096 10.871333 1.306332 32.629024 3.109273
133 8 Truck 1 1 2.539418 1188.097245 126.479974 1241.000000 200.372786 3.011065 2.597988 11.840350 31.236777 1.062905 29.582202 -2.936273
133 14 Car 0 0 -1.429532 699.417777 173.451528 728.825219 195.146107 1.485515 1.593908 3.459552 7.444238 1.549481 51.516705 -1.287213
133 15 Car 0 1 -1.239190 407.432712 178.027870 464.841058 210.530306 1.500000 1.616834 3.673507 -8.501645 1.767269 35.433365 -1.473392
134 5 Car 0 0 2.338712 0.000000 181.740583 222.865007 313.345330 1.592328 1.640353 4.075885 -8.022061 1.742125 10.892836 1.715352
134 6 Car 0 0 2.497644 493.898868 176.013059 623.514447 220.206373 1.456878 1.640357 4.625636 -1.821230 1.590671 26.218564 2.428367
134 7 Van 0 1 2.787229 788.719217 160.781499 888.765791 203.349384 1.825740 1.708272 3.922096 10.223279 1.323346 32.497553 3.089040
134 8 Truck 1 1 2.557819 1163.226408 126.378678 1241.000000 200.689413 3.011065 2.597988 11.840350 30.186734 1.078695 29.655350 -2.936194
134 14 Car 0 0 -1.444652 701.378371 173.614136 729.647563 194.956879 1.485515 1.593908 3.459552 7.665320 1.561776 52.351051 -1.300448
134 15 Car 0 0 -1.307487 409.915360 178.105910 462.435564 210.311715 1.500000 1.616834 3.673507 -8.591502 1.774778 35.800199 -1.541753
135 5 Car 1 0 2.371237 0.000000 183.117722 178.478106 316.252558 1.592328 1.640353 4.075885 -8.115521 1.750390 9.781587 1.691879
135 6 Car 0 0 2.485136 476.657838 176.329897 609.231510 221.790748 1.456878 1.640357 4.625636 -2.326415 1.598747 25.579942 2.394752
135 7 Van 0 1 2.770288 774.415959 161.442101 874.598393 204.295209 1.825740 1.708272 3.922096 9.526386 1.354055 32.295150 3.054258
135 8 Truck 1 1 2.576827 1138.469096 126.276314 1241.000000 201.004469 3.011065 2.597988 11.840350 29.136691 1.094485 29.728499 -2.936114
135 14 Car 0 0 -1.459712 703.279512 173.771484 730.442025 194.773534 1.485515 1.593908 3.459552 7.886401 1.574071 53.185397 -1.313683
135 15 Car 0 0 -1.375786 412.487341 178.183411 459.974799 210.088770 1.500000 1.616834 3.673507 -8.681359 1.782287 36.167033 -1.610115
136 5 Car 1 0 2.411177 0.000000 184.776823 124.928506 318.441324 1.592328 1.640353 4.075885 -8.208981 1.758655 8.670338 1.668405
136 6 Car 0 0 2.473608 458.469705 176.661027 594.259158 223.464576 1.456878 1.640357 4.625636 -2.831601 1.606823 24.941321 2.361137
136 7 Van 0 0 2.753761 759.932346 162.109322 860.249177 205.255856 1.825740 1.708272 3.922096 8.829494 1.384764 32.092747 3.019476
136 8 Truck 1 1 2.596460 1113.824537 126.172868 1241.000000 201.317964 3.011065 2.597988 11.840350 28.086647 1.110275 29.801647 -2.936035
136 14 Car 0 0 -1.484442 704.906807 174.114961 730.502972 194.744747 1.485515 1.593908 3.459552 8.089512 1.600554 54.132578 -1.337274
136 15 Car 0 0 -1.433655 415.233099 178.672011 458.304697 210.282837 1.500000 1.616834 3.673507 -8.743537 1.809367 36.520396 -1.667421
137 5 Car 1 0 2.459486 0.000000 186.814701 59.065520 319.808630 1.592328 1.640353 4.075885 -8.302440 1.766920 7.559090 1.644932
137 6 Car 0 0 2.463109 439.249057 177.007419 578.550600 225.235460 1.456878 1.640357 4.625636 -3.336787 1.614899 24.302699 2.327522
137 7 Van 0 0 2.737650 745.262966 162.783151 845.717007 206.231540 1.825740 1.708272 3.922096 8.132602 1.415472 31.890343 2.984694
137 8 Truck 1 1 2.614098 1092.090822 126.066526 1241.000000 201.523425 3.011065 2.597988 11.840350 27.172830 1.122250 29.891364 -2.936363
137 14 Car 0 0 -1.509133 706.485574 174.446254 730.555261 194.716633 1.485515 1.593908 3.459552 8.292623 1.627037 55.079758 -1.360865
137 15 Car 0 1 -1.509042 416.548771 179.180737 453.919250 210.505069 1.500000 1.616834 3.673507 -8.913010 1.838258 36.873765 -1.744987
138 6 Car 0 0 2.453686 418.900172 177.370137 562.054476 227.111889 1.456878 1.640357 4.625636 -3.841973 1.622975 23.664078 2.293907
138 7 Van 0 0 2.715715 730.556900 162.774970 831.600417 206.717888 1.825740 1.708272 3.922096 7.419894 1.418041 31.548785 2.944173
138 8 Truck 1 1 2.632223 1070.474715 125.960358 1241.000000 201.727681 3.011065 2.597988 11.840350 26.259012 1.134226 29.981082 -2.936692
138 14 Car 0 0 -1.533786 708.017909 174.765993 730.599613 194.689156 1.485515 1.593908 3.459552 8.495734 1.653521 56.026939 -1.384456
138 15 Car 0 1 -1.584472 417.963830 179.678693 452.053905 210.712679 1.500000 1.616834 3.673507 -9.082483 1.867149 37.227135 -1.822553
139 6 Car 0 0 2.445385 397.315374 177.750357 544.714246 229.103370 1.456878 1.640357 4.625636 -4.347159 1.631050 23.025457 2.260293
139 7 Van 0 0 2.694351 715.535285 162.767926 817.163036 207.215153 1.825740 1.708272 3.922096 6.707187 1.420610 31.207227 2.903652
139 8 Truck 1 1 2.650845 1048.975263 125.854369 1241.000000 201.930742 3.011065 2.597988 11.840350 25.345195 1.146202 30.070799 -2.937021
139 14 Car 0 0 -1.558404 709.505765 175.074765 730.786993 194.662285 1.485515 1.593908 3.459552 8.698845 1.680004 56.974119 -1.408046
139 15 Car 0 1 -1.659741 414.186398 179.607871 452.663183 210.270233 1.500000 1.616834 3.673507 -9.287427 1.868851 37.660661 -1.900304
140 6 Car 0 1 2.436503 377.252559 178.277238 529.631394 231.572562 1.456878 1.640357 4.625636 -4.742374 1.642808 22.311041 2.228895
140 7 Van 0 0 2.673993 699.922224 163.385564 802.026278 208.322606 1.825740 1.708272 3.922096 5.987086 1.449218 30.897035 2.863131
140 8 Truck 0 1 2.669968 1027.591524 125.748569 1241.000000 202.132619 3.011065 2.597988 11.840350 24.431377 1.158178 30.160517 -2.937350
140 14 Car 0 0 -1.582989 710.941854 175.373116 731.880883 194.635992 1.485515 1.593908 3.459552 8.901956 1.706487 57.921299 -1.431637
140 15 Car 0 1 -1.735070 410.020592 179.541021 453.131397 209.827873 1.500000 1.616834 3.673507 -9.492370 1.870553 38.094187 -1.978056
141 6 Car 0 1 2.428857 355.731289 178.834428 513.627798 234.224836 1.456878 1.640357 4.625636 -5.137588 1.654565 21.596625 2.197497
141 7 Van 0 0 2.654203 683.990555 164.013444 786.580531 209.455849 1.825740 1.708272 3.922096 5.266985 1.477825 30.586843 2.822610
141 8 Truck 0 1 2.688943 1007.504016 125.644527 1241.000000 202.263034 3.011065 2.597988 11.840350 23.581297 1.168012 30.268163 -2.937307
141 14 Car 0 0 -1.584098 711.632687 175.243634 732.273299 194.179512 1.485515 1.593908 3.459552 9.097581 1.699649 58.895537 -1.431971
141 15 Car 0 1 -1.810455 406.041239 179.478138 453.448665 209.386196 1.500000 1.616834 3.673507 -9.697314 1.872254 38.527713 -2.055807
142 6 Car 0 1 2.422524 332.580071 179.424652 496.621280 237.081040 1.456878 1.640357 4.625636 -5.532803 1.666322 20.882210 2.166100
142 7 Van 0 0 2.634984 667.727203 164.651697 770.820000 210.615541 1.825740 1.708272 3.922096 4.546884 1.506433 30.276651 2.782089
142 8 Truck 0 1 2.708348 987.548310 125.539963 1241.000000 202.392519 3.011065 2.597988 11.840350 22.731217 1.177847 30.375809 -2.937265
142 14 Car 0 0 -1.585182 712.301713 175.118497 732.652539 193.738291 1.485515 1.593908 3.459552 9.293206 1.692810 59.869775 -1.432305
142 15 Car 0 1 -1.849065 398.962017 179.498811 448.473704 209.187228 1.500000 1.616834 3.673507 -10.083100 1.876133 38.778469 -2.102184
143 6 Car 0 1 2.417581 307.599750 180.050982 478.519289 240.165315 1.456878 1.640357 4.625636 -5.928017 1.678079 20.167794 2.134702
143 7 Van 0 0 2.617163 652.143399 164.718608 756.246087 211.401232 1.825740 1.708272 3.922096 3.862030 1.512451 29.837127 2.744081
143 8 Truck 0 1 2.728184 967.723109 125.434871 1241.000000 202.521087 3.011065 2.597988 11.840350 21.881137 1.187681 30.483455 -2.937222
143 14 Car 0 0 -1.586243 712.949948 174.997491 733.019256 193.311577 1.485515 1.593908 3.459552 9.488831 1.685971 60.844013 -1.432639
143 15 Car 0 1 -1.887805 391.994275 179.519891 443.528464 208.987842 1.500000 1.616834 3.673507 -10.468887 1.880013 39.029225 -2.148561
144 6 Car 0 1 2.414107 280.557741 180.716890 459.217224 243.505760 1.456878 1.640357 4.625636 -6.323232 1.689837 19.453378 2.103305
144 7 Van 0 0 2.600048 636.082827 164.787967 741.241747 212.211866 1.825740 1.708272 3.922096 3.177175 1.518468 29.397603 2.706073
144 8 Truck 0 1 2.748449 948.027144 125.329248 1241.000000 202.648745 3.011065 2.597988 11.840350 21.031057 1.197515 30.591101 -2.937180
144 14 Car 0 0 -1.587280 713.578347 174.880415 733.374061 192.898665 1.485515 1.593908 3.459552 9.684455 1.679133 61.818251 -1.432973
144 15 Car 0 1 -1.926672 385.138206 179.541382 438.610287 208.788178 1.500000 1.616834 3.673507 -10.854674 1.883892 39.279982 -2.194937
145 6 Car 0 1 2.412180 251.180650 181.426322 438.596365 247.135291 1.456878 1.640357 4.625636 -6.718446 1.701594 18.738963 2.071907
145 7 Van 0 0 2.583658 619.519537 164.816983 725.791626 213.048527 1.825740 1.708272 3.922096 2.492320 1.524486 28.958078 2.668065
145 8 Truck 0 1 2.769140 928.459145 125.223090 1241.000000 202.775504 3.011065 2.597988 11.840350 20.180977 1.207350 30.698747 -2.937137
145 14 Car 0 0 -1.588295 714.187807 174.767080 733.717524 192.498896 1.485515 1.593908 3.459552 9.880080 1.672294 62.792488 -1.433306
145 15 Car 0 1 -1.965664 378.394043 179.563287 433.716633 208.588376 1.500000 1.616834 3.673507 -11.240461 1.887771 39.530738 -2.241314
146 6 Car 0 1 2.414393 219.640180 182.108499 417.718654 251.234531 1.456878 1.640357 4.625636 -7.071119 1.710659 17.971358 2.044066
146 7 Van 0 0 2.568011 602.425840 164.799805 709.879469 213.912362 1.825740 1.708272 3.922096 1.807466 1.530504 28.518554 2.630058
146 8 Truck 0 1 2.790252 909.017881 125.116393 1241.000000 202.901373 3.011065 2.597988 11.840350 19.330897 1.217184 30.806392 -2.937095
146 14 Car 0 0 -1.589290 714.779170 174.657309 734.050180 192.111653 1.485515 1.593908 3.459552 10.075705 1.665456 63.766726 -1.433640
146 15 Car 0 1 -2.004778 371.762050 179.585607 428.845083 208.388581 1.500000 1.616834 3.673507 -11.626247 1.891650 39.781494 -2.287691
147 6 Car 0 1 2.418465 184.868394 182.843025 395.192258 255.755802 1.456878 1.640357 4.625636 -7.423791 1.719723 17.203754 2.016224
147 7 Van 0 0 2.553123 584.772155 164.782907 693.488026 214.804585 1.825740 1.708272 3.922096 1.122611 1.536522 28.079030 2.592050
147 8 Truck 0 1 2.811780 889.702118 125.507527 1220.256915 203.026361 3.011065 2.597988 11.840350 18.480817 1.227019 30.914038 -2.937053
147 14 Car 0 0 -1.593291 715.101343 174.538790 734.213656 191.703704 1.485515 1.593908 3.459552 10.265164 1.657787 64.818442 -1.437276
147 15 Car 0 1 -2.086705 360.463222 179.715141 421.366598 208.307591 1.500000 1.616834 3.673507 -12.196225 1.901035 39.970421 -2.381376
148 6 Car 0 1 2.422149 148.391198 184.015646 372.898198 261.452176 1.456878 1.640357 4.625636 -7.712664 1.737845 16.401770 1.988383
148 7 Van 0 0 2.538391 567.194966 165.144950 677.809255 216.377757 1.825740 1.708272 3.922096 0.471301 1.557557 27.501313 2.554704
148 8 Truck 0 1 2.833714 870.510647 125.933705 1196.472172 203.150478 3.011065 2.597988 11.840350 17.630737 1.236853 31.021684 -2.937010
148 14 Car 0 0 -1.597280 715.413642 174.424172 734.371622 191.309056 1.485515 1.593908 3.459552 10.454623 1.650118 65.870159 -1.440911
148 15 Car 0 1 -2.168823 349.428404 179.845571 413.753043 208.217244 1.500000 1.616834 3.673507 -12.766202 1.910419 40.159348 -2.475061
149 6 Car 0 1 2.427981 107.537359 185.290623 348.599847 267.836049 1.456878 1.640357 4.625636 -8.001537 1.755967 15.599786 1.960541
149 7 Van 0 0 2.524636 548.827660 165.525936 661.482781 218.024730 1.825740 1.708272 3.922096 -0.180009 1.578593 26.923595 2.517358
149 8 Truck 0 1 2.856046 851.442270 126.356692 1172.865730 203.273733 3.011065 2.597988 11.840350 16.780657 1.246688 31.129330 -2.936968
149 14 Car 0 0 -1.601258 715.716522 174.313266 734.524347 190.927069 1.485515 1.593908 3.459552 10.644082 1.642450 66.921875 -1.444546
149 15 Car 0 1 -2.251132 338.671660 179.976890 405.994793 208.118650 1.500000 1.616834 3.673507 -13.336180 1.919803 40.348275 -2.568746
150 6 Car 0 0 2.436102 61.458802 186.682174 322.019707 275.039171 1.456878 1.640357 4.625636 -8.290410 1.774088 14.797802 1.932700
150 7 Van 0 0 2.511896 529.610895 165.927249 644.472270 219.750541 1.825740 1.708272 3.922096 -0.831319 1.599628 26.345877 2.480012
150 8 Truck 0 1 2.868813 834.716389 126.773520 1152.316065 203.461865 3.011065 2.597988 11.840350 16.026874 1.256292 31.196420 -2.943924
150 14 Car 0 0 -1.605225 716.010408 174.205896 734.672079 190.557143 1.485515 1.593908 3.459552 10.833541 1.634781 67.973592 -1.448182
150 15 Car 0 1 -2.333630 328.206529 180.109083 398.083939 208.012982 1.500000 1.616834 3.673507 -13.906157 1.929187 40.537202 -2.662431
151 6 Car 0 0 2.441324 11.660826 187.319807 295.303637 282.341712 1.456878 1.640357 4.625636 -8.503143 1.771767 13.954174 1.902173
151 7 Van 0 0 2.500205 509.479488 166.350400 626.738380 221.560689 1.825740 1.708272 3.922096 -1.482628 1.620664 25.768160 2.442666
151 8 Truck 0 1 2.881898 818.025327 127.187588 1131.907947 203.649619 3.011065 2.597988 11.840350 15.273092 1.265896 31.263510 -2.950881
151 14 Car 0 0 -1.609183 716.295701 174.101895 734.815051 190.198716 1.485515 1.593908 3.459552 11.023000 1.627113 69.025308 -1.451817
151 15 Car 0 1 -2.416314 318.045813 180.242128 390.014247 207.901457 1.500000 1.616834 3.673507 -14.476135 1.938571 40.726129 -2.756116
152 6 Car 0 0 2.449294 0.000000 188.026314 265.658016 290.777138 1.456878 1.640357 4.625636 -8.715875 1.769445 13.110546 1.871646
152 7 Van 0 0 2.489596 488.361677 166.797039 608.238416 223.461188 1.825740 1.708272 3.922096 -2.133938 1.641699 25.190442 2.405320
152 8 Truck 0 1 2.895291 801.368827 127.598919 1111.640086 203.836996 3.011065 2.597988 11.840350 14.519310 1.275501 31.330601 -2.957838
152 14 Car 0 0 -1.610452 717.162597 174.286080 735.456525 190.139902 1.485515 1.593908 3.459552 11.262308 1.646325 70.056550 -1.452042
152 15 Car 0 1 -2.406914 307.097176 180.393524 378.736803 207.872220 1.500000 1.616834 3.673507 -15.198909 1.949838 40.985235 -2.760247
153 6 Car 0 0 2.460213 0.000000 188.813491 232.582285 296.356992 1.456878 1.640357 4.625636 -8.928607 1.767124 12.266918 1.841119
153 7 Van 0 0 2.482265 466.818099 166.125887 590.315219 224.668559 1.825740 1.708272 3.922096 -2.735157 1.628018 24.472991 2.371526
153 8 Truck 0 1 2.908983 784.746638 128.007535 1091.511205 204.023994 3.011065 2.597988 11.840350 13.765527 1.285105 31.397691 -2.964794
153 14 Car 0 0 -1.611691 718.004977 174.464784 736.078900 190.082835 1.485515 1.593908 3.459552 11.501617 1.665537 71.087793 -1.452268
153 15 Car 0 1 -2.397814 296.282493 180.542968 367.604707 207.843359 1.500000 1.616834 3.673507 -15.921683 1.961104 41.244340 -2.764377
154 6 Car 1 0 2.474274 0.000000 189.695998 195.454140 297.207769 1.456878 1.640357 4.625636 -9.141340 1.764803 11.423289 1.810593
154 7 Van 0 0 2.476345 443.878272 165.409965 571.376480 225.953696 1.825740 1.708272 3.922096 -3.336377 1.614337 23.755540 2.337731
154 8 Truck 0 1 2.918755 769.283021 128.379636 1073.260633 204.275293 3.011065 2.597988 11.840350 13.057234 1.295099 31.420829 -2.974244
154 14 Car 0 0 -1.612900 718.823866 174.638245 736.683014 190.027436 1.485515 1.593908 3.459552 11.740925 1.684749 72.119035 -1.452493
154 15 Car 0 1 -2.389008 285.599335 180.690498 356.615152 207.814869 1.500000 1.616834 3.673507 -16.644456 1.972370 41.503445 -2.768508
155 6 Car 1 0 2.504055 0.000000 191.435378 154.148527 298.903532 1.456878 1.640357 4.625636 -9.318592 1.774005 10.518694 1.791564
155 7 Van 0 0 2.455952 421.365310 165.639765 553.058519 228.540343 1.825740 1.708272 3.922096 -3.865485 1.630773 22.973477 2.290531
155 8 Truck 0 1 2.928807 753.803598 128.750289 1055.089672 204.526991 3.011065 2.597988 11.840350 12.348941 1.305093 31.443966 -2.983694
155 14 Car 0 0 -1.614082 719.620233 174.806692 737.269661 189.973635 1.485515 1.593908 3.459552 11.980233 1.703961 73.150278 -1.452718
155 15 Car 0 1 -2.380491 275.045328 180.836149 345.765404 207.786740 1.500000 1.616834 3.673507 -17.367230 1.983636 41.762550 -2.772639
156 6 Car 1 0 2.537875 0.000000 193.436599 106.582596 300.247404 1.456878 1.640357 4.625636 -9.495844 1.783207 9.614099 1.772535
156 7 Van 0 0 2.437160 397.163094 165.890882 533.510527 231.324479 1.825740 1.708272 3.922096 -4.394593 1.647208 22.191414 2.243331
156 8 Truck 0 1 2.939131 738.308070 129.119489 1036.998100 204.779083 3.011065 2.597988 11.840350 11.640648 1.315087 31.467104 -2.993144
156 14 Car 0 0 -1.615236 720.394995 174.970339 737.839587 189.921362 1.485515 1.593908 3.459552 12.219541 1.723173 74.181520 -1.452943
156 15 Car 0 1 -2.372258 264.618162 180.979959 335.052803 207.758967 1.500000 1.616834 3.673507 -18.090004 1.994902 42.021656 -2.776770
157 6 Car 1 0 2.575926 0.000000 195.763781 51.221737 301.208429 1.456878 1.640357 4.625636 -9.673097 1.792410 8.709504 1.753506
157 7 Van 0 1 2.420067 371.060327 166.165950 512.616127 234.328902 1.825740 1.708272 3.922096 -4.923701 1.663644 21.409352 2.196131
157 8 Truck 0 1 2.943351 723.107207 129.666598 1019.408755 205.192497 3.011065 2.597988 11.840350 10.952793 1.330578 31.484385 -3.008329
157 15 Car 0 1 -2.364303 254.315570 181.121961 324.474745 207.731542 1.500000 1.616834 3.673507 -18.812778 2.006168 42.280761 -2.780901
158 7 Van 0 1 2.404770 342.809835 166.468016 490.242911 237.580054 1.825740 1.708272 3.922096 -5.452809 1.680080 20.627289 2.148930
158 8 Truck 0 1 2.947812 707.873479 130.211024 1001.904322 205.607466 3.011065 2.597988 11.840350 10.264939 1.346068 31.501665 -3.023514
158 15 Car 0 1 -2.360409 244.343850 182.464220 314.422014 208.983592 1.500000 1.616834 3.673507 -19.491576 2.087789 42.483306 -2.788478
159 7 Van 0 1 2.389197 314.818504 166.584864 469.366765 241.277634 1.825740 1.708272 3.922096 -5.874029 1.691965 19.753506 2.103262
159 8 Truck 0 1 2.952503 692.606133 130.752738 984.484834 206.023979 3.011065 2.597988 11.840350 9.577085 1.361559 31.518946 -3.038700
159 15 Car 0 1 -2.356742 234.461927 183.792858 304.469508 210.222661 1.500000 1.616834 3.673507 -20.170374 2.169410 42.685851 -2.796056
160 7 Van 0 1 2.375771 283.983115 166.717454 446.702198 245.349896 1.825740 1.708272 3.922096 -6.295250 1.703850 18.879723 2.057594
160 8 Truck 0 1 2.957413 677.304437 131.291713 967.150281 206.442025 3.011065 2.597988 11.840350 8.889230 1.377049 31.536226 -3.053885
160 15 Car 0 1 -2.353296 224.668633 185.108082 294.615695 211.448940 1.500000 1.616834 3.673507 -20.849172 2.251031 42.888396 -2.803634
161 7 Van 0 1 2.364652 249.827896 166.868415 422.023097 249.856010 1.825740 1.708272 3.922096 -6.716471 1.715735 18.005941 2.011926
161 8 Truck 0 1 2.962528 661.952368 131.827922 949.900602 206.861591 3.011065 2.597988 11.840350 8.201376 1.392540 31.553507 -3.069070
161 15 Car 0 1 -2.350068 214.962820 186.410094 284.859078 212.662621 1.500000 1.616834 3.673507 -21.527970 2.332652 43.090941 -2.811211
162 7 Van 0 1 2.356008 211.766116 167.040953 395.062322 254.868308 1.825740 1.708272 3.922096 -7.137692 1.727620 17.132158 1.966258
162 8 Truck 0 1 2.953549 648.316178 132.227139 935.574080 207.329367 3.011065 2.597988 11.840350 7.602221 1.403389 31.481219 -3.095268
162 15 Car 0 1 -2.347053 205.343362 187.699095 275.198182 213.863889 1.500000 1.616834 3.673507 -22.206767 2.414273 43.293486 -2.818789
163 7 Van 0 1 2.349954 173.004286 166.968326 369.584016 260.517704 1.825740 1.708272 3.922096 -7.447363 1.734488 16.211732 1.925072
163 8 Truck 0 1 2.944791 634.566703 132.626952 921.216609 207.802564 3.011065 2.597988 11.840350 7.003065 1.414239 31.408931 -3.121466
164 7 Van 0 1 2.346767 128.910237 167.300419 341.371506 267.343040 1.825740 1.708272 3.922096 -7.756955 1.748867 15.291228 1.883887
164 8 Truck 0 1 2.936250 620.716410 133.027154 906.830387 208.281177 3.011065 2.597988 11.840350 6.403910 1.425089 31.336643 3.135521
165 7 Van 0 0 2.343836 80.429252 167.798934 312.969723 276.056539 1.825740 1.708272 3.922096 -7.963408 1.765790 14.281904 1.842702
165 8 Truck 0 1 2.927917 606.762473 133.427544 892.417458 208.765195 3.011065 2.597988 11.840350 5.804754 1.435938 31.264356 3.109323
166 7 Van 0 0 2.344699 23.303592 168.390681 280.787576 286.295185 1.825740 1.708272 3.922096 -8.169860 1.782713 13.272580 1.801517
166 8 Truck 0 0 2.919785 592.702102 133.827927 877.979731 209.254602 3.011065 2.597988 11.840350 5.205599 1.446788 31.192068 3.083125
167 7 Van 0 0 2.349778 0.000000 169.102415 244.037315 298.495919 1.825740 1.708272 3.922096 -8.376312 1.799636 12.263255 1.760332
167 8 Truck 0 0 2.911845 578.532521 134.228114 863.518947 209.749372 3.011065 2.597988 11.840350 4.606444 1.457638 31.119780 3.056927
168 7 Van 0 0 2.369484 0.000000 168.617309 206.589089 310.393466 1.825740 1.708272 3.922096 -8.465196 1.796805 11.174524 1.732411
168 8 Truck 0 0 2.897925 565.453061 134.481966 851.045746 210.301135 3.011065 2.597988 11.840350 4.069139 1.465353 30.963154 3.026853
169 7 Van 1 0 2.395010 0.000000 168.995742 162.400139 312.476851 1.825740 1.708272 3.922096 -8.554080 1.793974 10.085792 1.704490
169 8 Truck 0 0 2.884237 552.215959 134.737612 838.458881 210.862326 3.011065 2.597988 11.840350 3.531835 1.473068 30.806528 2.996778
170 7 Van 1 0 2.427122 0.000000 169.493932 109.486374 313.799425 1.825740 1.708272 3.922096 -8.642963 1.791143 8.997060 1.676568
170 8 Truck 0 0 2.870777 538.816039 134.833173 825.760151 211.433013 3.011065 2.597988 11.840350 2.994531 1.480783 30.649902 2.966704
171 7 Van 1 0 2.466597 0.000000 170.113033 44.999044 314.257474 1.825740 1.708272 3.922096 -8.731847 1.788313 7.908329 1.648647
171 8 Truck 0 0 2.857539 525.248057 134.527782 812.951206 212.013252 3.011065 2.597988 11.840350 2.457227 1.488498 30.493276 2.936630
172 8 Truck 0 0 2.844520 511.506698 134.217606 800.033536 212.603090 3.011065 2.597988 11.840350 1.919922 1.496213 30.336651 2.906556
173 8 Truck 0 0 2.828822 498.783120 133.922676 788.923818 213.466088 3.011065 2.597988 11.840350 1.444965 1.509269 30.100071 2.875753
174 8 Truck 0 0 2.813382 485.835506 133.622095 777.642563 214.350165 3.011065 2.597988 11.840350 0.970008 1.522326 29.863491 2.844951
175 8 Truck 0 0 2.798201 472.654984 133.315998 766.189785 215.255829 3.011065 2.597988 11.840350 0.495050 1.535383 29.626912 2.814148
176 8 Truck 0 0 2.783277 459.232359 133.004535 754.565342 216.183592 3.011065 2.597988 11.840350 0.020093 1.548439 29.390332 2.783346
177 8 Truck 0 0 2.768608 445.558116 132.687874 742.768933 217.133962 3.011065 2.597988 11.840350 -0.454864 1.561496 29.153753 2.752543
178 8 Truck 0 0 2.754191 431.622397 132.366198 730.800073 218.107447 3.011065 2.597988 11.840350 -0.929822 1.574553 28.917173 2.721741
179 8 Truck 0 0 2.740024 417.415000 132.039712 718.658094 219.104553 3.011065 2.597988 11.840350 -1.404779 1.587609 28.680594 2.690938
180 8 Truck 0 0 2.724165 402.586142 131.530486 707.074595 220.372895 3.011065 2.597988 11.840350 -1.860547 1.601467 28.333494 2.658611
181 8 Truck 0 0 2.708673 387.332476 131.006907 695.225481 221.685555 3.011065 2.597988 11.840350 -2.316315 1.615325 27.986395 2.626284
182 8 Truck 0 1 2.693550 371.630649 130.468711 683.106348 223.044418 3.011065 2.597988 11.840350 -2.772083 1.629183 27.639296 2.593956
183 8 Truck 0 1 2.678800 355.455815 129.915636 670.712430 224.451453 3.011065 2.597988 11.840350 -3.227852 1.643042 27.292197 2.561629
184 8 Truck 0 1 2.664422 338.781505 129.347418 658.038561 225.908719 3.011065 2.597988 11.840350 -3.683620 1.656900 26.945097 2.529301
185 8 Truck 0 1 2.644576 322.294277 128.111527 646.586178 227.334740 3.011065 2.597988 11.840350 -4.072895 1.659032 26.487581 2.492940
186 8 Truck 0 1 2.625217 305.143880 126.819087 634.750706 228.825930 3.011065 2.597988 11.840350 -4.462171 1.661164 26.030064 2.456579
186 9 Car 1 1 2.663329 1191.372542 163.953843 1241.000000 199.601400 1.477861 1.649657 4.684840 27.693731 1.097197 30.439507 -2.886629
187 8 Truck 0 1 2.606357 287.280073 125.466920 622.520844 230.386252 3.011065 2.597988 11.840350 -4.851446 1.663296 25.572547 2.420219
187 9 Car 1 1 2.676176 1175.615548 164.021040 1241.000000 199.713909 1.477861 1.649657 4.684840 27.118824 1.107630 30.593205 -2.886683
188 8 Truck 0 1 2.588006 268.647805 124.051612 609.884367 232.019975 3.011065 2.597988 11.840350 -5.240722 1.665428 25.115031 2.383858
188 9 Car 0 1 2.689191 1160.009085 164.088241 1241.000000 199.825287 1.477861 1.649657 4.684840 26.543916 1.118062 30.746902 -2.886736
189 8 Truck 0 1 2.570174 249.186640 122.569493 596.828028 233.731707 3.011065 2.597988 11.840350 -5.629998 1.667560 24.657514 2.347497
189 9 Car 0 1 2.702370 1144.551004 164.155445 1241.000000 199.935550 1.477861 1.649657 4.684840 25.969008 1.128495 30.900599 -2.886790
190 8 Truck 0 1 2.551621 228.770548 121.010888 584.330312 236.040262 3.011065 2.597988 11.840350 -5.976831 1.675729 24.115636 2.310720
190 9 Car 0 1 2.715714 1129.239203 164.222652 1241.000000 200.044715 1.477861 1.649657 4.684840 25.394100 1.138928 31.054296 -2.886843
191 8 Truck 0 1 2.533723 207.204213 119.362072 571.320880 238.490991 3.011065 2.597988 11.840350 -6.323664 1.683899 23.573759 2.273942
191 9 Car 0 1 2.729219 1114.071612 164.289862 1241.000000 200.152799 1.477861 1.649657 4.684840 24.819193 1.149360 31.207993 -2.886897
192 8 Truck 0 1 2.516501 184.372654 117.615687 557.776506 241.096306 3.011065 2.597988 11.840350 -6.670497 1.692069 23.031881 2.237165
192 9 Car 0 1 2.738964 1103.300904 164.356069 1241.000000 200.267514 1.477861 1.649657 4.684840 24.394787 1.157755 31.299256 -2.886925
193 8 Truck 0 1 2.499977 160.145731 115.763527 543.671855 243.870065 3.011065 2.597988 11.840350 -7.017330 1.700239 22.490003 2.200388
193 9 Car 0 1 2.748801 1092.590100 164.485765 1236.929783 200.381558 1.477861 1.649657 4.684840 23.970382 1.166149 31.390518 -2.886953
194 8 Truck 0 1 2.484170 134.375577 113.796410 528.979242 246.827791 3.011065 2.597988 11.840350 -7.364164 1.708409 21.948126 2.163611
194 9 Car 0 1 2.758729 1081.938703 164.712300 1224.852220 200.494938 1.477861 1.649657 4.684840 23.545977 1.174544 31.481781 -2.886981
195 8 Truck 0 1 2.465959 106.664148 111.109636 514.770736 250.302569 3.011065 2.597988 11.840350 -7.650730 1.712587 21.307744 2.124728
195 9 Car 0 1 2.768748 1071.346217 164.937466 1212.847726 200.607658 1.477861 1.649657 4.684840 23.121572 1.182939 31.573043 -2.887009
196 8 Truck 0 1 2.448683 76.687638 108.202523 499.817124 254.070786 3.011065 2.597988 11.840350 -7.937297 1.716766 20.667362 2.085844
196 9 Car 0 1 2.778856 1060.812160 165.161274 1200.915647 200.719724 1.477861 1.649657 4.684840 22.697167 1.191333 31.664306 -2.887037
197 8 Truck 0 1 2.432388 44.127591 105.047914 484.069417 258.169480 3.011065 2.597988 11.840350 -8.223863 1.720944 20.026980 2.046961
197 9 Car 0 1 2.789054 1050.336042 165.383736 1189.055321 200.831143 1.477861 1.649657 4.684840 22.272761 1.199728 31.755568 -2.887065
198 8 Truck 0 1 2.420268 10.365509 102.368846 469.776100 263.508714 3.011065 2.597988 11.840350 -8.451881 1.739743 19.370197 2.013432
198 9 Car 0 1 2.796199 1043.096411 165.523767 1180.832759 200.887588 1.477861 1.649657 4.684840 21.982074 1.204913 31.825543 -2.887083
199 8 Truck 0 1 2.409199 0.000000 99.435273 454.679474 269.391310 3.011065 2.597988 11.840350 -8.679900 1.758543 18.713414 1.979903
199 9 Car 0 1 2.803382 1035.887188 165.663155 1172.647935 200.943784 1.477861 1.649657 4.684840 21.691387 1.210099 31.895519 -2.887102
200 8 Truck 0 1 2.399235 0.000000 96.208404 438.717828 275.901706 3.011065 2.597988 11.840350 -8.907918 1.777342 18.056631 1.946374
200 9 Car 0 1 2.810604 1028.708181 165.801906 1164.500588 200.999733 1.477861 1.649657 4.684840 21.400700 1.215284 31.965494 -2.887121
201 8 Truck 0 1 2.388936 0.000000 92.369986 423.516729 281.053135 3.011065 2.597988 11.840350 -9.068437 1.778190 17.340715 1.913006
201 9 Car 0 1 2.817865 1021.559202 165.940023 1156.390465 201.055436 1.477861 1.649657 4.684840 21.110013 1.220470 32.035469 -2.887139
202 8 Truck 0 1 2.379984 0.000000 90.856497 407.302779 283.417351 3.011065 2.597988 11.840350 -9.228957 1.779037 16.624799 1.879638
202 9 Car 0 1 2.825164 1014.440062 166.077510 1148.317309 201.110895 1.477861 1.649657 4.684840 20.819326 1.225656 32.105444 -2.887158
203 8 Truck 0 1 2.372469 0.000000 89.575621 389.980788 285.579513 3.011065 2.597988 11.840350 -9.389476 1.779884 15.908883 1.846270
203 9 Car 0 1 2.826379 1010.666908 166.060152 1144.105787 201.071028 1.477861 1.649657 4.684840 20.657726 1.224626 32.128843 -2.889809
204 8 Truck 1 1 2.366484 0.000000 88.569115 371.442171 287.490799 3.011065 2.597988 11.840350 -9.549995 1.780732 15.192967 1.812902
204 9 Car 0 1 2.827608 1006.898216 166.042834 1139.901656 201.031199 1.477861 1.649657 4.684840 20.496126 1.223597 32.152242 -2.892459
205 8 Truck 1 1 2.371768 0.000000 88.184517 354.855410 289.849396 3.011065 2.597988 11.840350 -9.655144 1.788376 14.435398 1.790501
205 9 Car 0 1 2.828851 1003.133975 166.025557 1135.704901 200.991406 1.477861 1.649657 4.684840 20.334526 1.222567 32.175641 -2.895110
206 8 Truck 1 1 2.378919 0.000000 88.044926 336.975982 292.000881 3.011065 2.597988 11.840350 -9.760293 1.796020 13.677829 1.768100
206 9 Car 0 1 2.830107 999.374174 166.008321 1131.515503 200.951650 1.477861 1.649657 4.684840 20.172926 1.221538 32.199041 -2.897761
207 8 Truck 1 1 2.388077 0.000000 88.172956 317.651011 293.906965 3.011065 2.597988 11.840350 -9.865442 1.803664 12.920259 1.745699
207 9 Car 0 1 2.831376 995.618805 165.991124 1127.333448 200.911931 1.477861 1.649657 4.684840 20.011326 1.220508 32.222440 -2.900411
208 8 Truck 1 1 2.399384 0.000000 88.589241 296.702068 295.529096 3.011065 2.597988 11.840350 -9.970591 1.811308 12.162690 1.723298
208 9 Car 0 1 2.832658 991.867855 165.973968 1123.158716 200.872248 1.477861 1.649657 4.684840 19.849726 1.219479 32.245839 -2.903062
209 8 Truck 1 0 2.417415 0.000000 88.518130 276.513674 296.840117 3.011065 2.597988 11.840350 -10.033743 1.812313 11.388109 1.706673
209 9 Car 0 1 2.831815 990.162542 166.144889 1121.222041 201.016950 1.477861 1.649657 4.684840 19.782000 1.226535 32.266802 -2.905713
210 8 Truck 1 0 2.437990 0.000000 88.677212 254.439457 297.906328 3.011065 2.597988 11.840350 -10.096895 1.813319 10.613528 1.690047
210 9 Car 0 1 2.830973 988.459214 166.315526 1119.288182 201.161516 1.477861 1.649657 4.684840 19.714274 1.233590 32.287764 -2.908363
211 8 Truck 1 0 2.461283 0.000000 89.079080 230.205080 298.704658 3.011065 2.597988 11.840350 -10.160047 1.814325 9.838947 1.673422
211 9 Car 0 1 2.830133 986.757869 166.485878 1117.357136 201.305947 1.477861 1.649657 4.684840 19.646548 1.240646 32.308727 -2.911014
212 8 Truck 1 0 2.487464 0.000000 89.733726 203.480012 299.214208 3.011065 2.597988 11.840350 -10.223198 1.815331 9.064366 1.656797
212 9 Car 0 1 2.829295 985.058501 166.655947 1115.428895 201.450243 1.477861 1.649657 4.684840 19.578822 1.247702 32.329690 -2.913665
213 8 Truck 1 0 2.524394 0.000000 90.424721 176.145760 300.328524 3.011065 2.597988 11.840350 -10.253184 1.819881 8.252187 1.647311
213 9 Car 0 1 2.828458 983.361107 166.825733 1113.503456 201.594403 1.477861 1.649657 4.684840 19.511096 1.254758 32.350653 -2.916315
214 8 Truck 1 0 2.564901 0.000000 91.269868 145.506316 301.265425 3.011065 2.597988 11.840350 -10.283170 1.824431 7.440009 1.637825
214 9 Car 0 1 2.827622 981.665683 166.995238 1111.580813 201.738429 1.477861 1.649657 4.684840 19.443370 1.261813 32.371616 -2.918966
215 8 Truck 1 0 2.609133 0.000000 92.269817 110.925010 302.014774 3.011065 2.597988 11.840350 -10.313156 1.828981 6.627830 1.628339
215 9 Car 0 1 2.826789 979.972225 167.164460 1109.660959 201.882320 1.477861 1.649657 4.684840 19.375644 1.268869 32.392579 -2.921617
216 8 Truck 1 0 2.657177 0.000000 93.112223 71.590359 302.964528 3.011065 2.597988 11.840350 -10.343142 1.833531 5.815652 1.618853
216 9 Car 0 1 2.826908 979.862919 167.134009 1109.532106 201.850172 1.477861 1.649657 4.684840 19.371794 1.267537 32.395032 -2.921617
217 9 Car 0 1 2.827028 979.753630 167.103563 1109.403273 201.818029 1.477861 1.649657 4.684840 19.367943 1.266206 32.397485 -2.921617
218 9 Car 0 1 2.827147 979.644355 167.073122 1109.274461 201.785891 1.477861 1.649657 4.684840 19.364093 1.264874 32.399938 -2.921617
219 9 Car 0 1 2.827267 979.535097 167.042686 1109.145668 201.753757 1.477861 1.649657 4.684840 19.360242 1.263542 32.402391 -2.921617
220 9 Car 0 1 2.827387 979.425855 167.012254 1109.016896 201.721629 1.477861 1.649657 4.684840 19.356392 1.262211 32.404844 -2.921617
221 9 Car 0 1 2.827506 979.316629 166.981828 1108.888145 201.689506 1.477861 1.649657 4.684840 19.352542 1.260879 32.407297 -2.921617
222 9 Car 0 1 2.827626 979.207418 166.951406 1108.759414 201.657387 1.477861 1.649657 4.684840 19.348691 1.259547 32.409750 -2.921617
223 9 Car 0 1 2.827745 979.098224 166.920989 1108.630703 201.625274 1.477861 1.649657 4.684840 19.344841 1.258215 32.412203 -2.921617
224 9 Car 0 1 2.827865 978.989045 166.890576 1108.502012 201.593165 1.477861 1.649657 4.684840 19.340990 1.256884 32.414655 -2.921617
225 9 Car 0 1 2.827985 978.879882 166.860169 1108.373342 201.561061 1.477861 1.649657 4.684840 19.337140 1.255552 32.417108 -2.921617
226 9 Car 0 1 2.828104 978.770735 166.829766 1108.244692 201.528962 1.477861 1.649657 4.684840 19.333289 1.254220 32.419561 -2.921617
227 9 Car 0 1 2.828224 978.661604 166.799368 1108.116062 201.496868 1.477861 1.649657 4.684840 19.329439 1.252889 32.422014 -2.921617
228 9 Car 0 1 2.828343 978.552489 166.768975 1107.987453 201.464779 1.477861 1.649657 4.684840 19.325589 1.251557 32.424467 -2.921617
229 9 Car 0 1 2.828463 978.443389 166.738586 1107.858864 201.432695 1.477861 1.649657 4.684840 19.321738 1.250225 32.426920 -2.921617
230 9 Car 0 1 2.828583 978.334306 166.708203 1107.730295 201.400616 1.477861 1.649657 4.684840 19.317888 1.248893 32.429373 -2.921617
231 9 Car 0 1 2.828702 978.225238 166.677824 1107.601746 201.368542 1.477861 1.649657 4.684840 19.314037 1.247562 32.431826 -2.921617
232 9 Car 0 1 2.828822 978.116186 166.647450 1107.473218 201.336472 1.477861 1.649657 4.684840 19.310187 1.246230 32.434279 -2.921617
