0 0 Car 1 0 -2.162543 894.768323 190.650299 1241.000000 374.000000 1.381664 1.510562 4.101504 3.407977 1.536793 4.758829 -1.570796
1 0 Car 1 0 -2.140108 880.106634 190.173318 1241.000000 374.000000 1.381664 1.510562 4.101504 3.388173 1.539172 5.048745 -1.576586
2 0 Car 1 0 -2.119693 866.581546 189.734306 1241.000000 374.000000 1.381664 1.510562 4.101504 3.368369 1.541552 5.338661 -1.582376
3 0 Car 1 0 -2.101121 854.066047 189.328905 1241.000000 374.000000 1.381664 1.510562 4.101504 3.348566 1.543931 5.628578 -1.588166
4 0 Car 0 0 -2.084231 842.451378 188.953397 1241.000000 374.000000 1.381664 1.510562 4.101504 3.328762 1.546310 5.918494 -1.593956
5 0 Car 0 0 -2.068874 831.643863 188.604595 1241.000000 374.000000 1.381664 1.510562 4.101504 3.308958 1.548690 6.208410 -1.599746
6 0 Car 0 0 -2.049482 821.333837 187.337916 1241.000000 374.000000 1.381664 1.510562 4.101504 3.286537 1.540383 6.521717 -1.601736
7 0 Car 0 0 -2.031578 811.756294 186.753052 1230.610208 374.000000 1.381664 1.510562 4.101504 3.264193 1.539405 6.834948 -1.603725
8 0 Car 0 0 -2.015027 802.878261 189.891797 1190.147643 374.000000 1.381664 1.510562 4.101504 3.242347 1.585594 7.147685 -1.605715
9 0 Car 0 0 -1.999707 794.483870 185.445058 1154.319055 374.000000 1.381664 1.510562 4.101504 3.219470 1.534087 7.461444 -1.607705
10 0 Car 0 0 -1.989472 788.209778 185.668133 1131.214288 369.712004 1.381664 1.510562 4.101504 3.191573 1.540673 7.667828 -1.609695
11 0 Car 0 0 -1.974457 782.252432 183.442241 1098.272028 353.478189 1.381664 1.510562 4.101504 3.208640 1.516513 8.073921 -1.609695
12 0 Car 0 0 -1.964085 778.103109 183.280152 1076.606969 345.133950 1.381664 1.510562 4.101504 3.220351 1.518550 8.372974 -1.609695
13 0 Car 0 0 -1.954332 774.175909 182.388094 1056.868653 336.337349 1.381664 1.510562 4.101504 3.231946 1.509560 8.672142 -1.609695
14 0 Car 0 0 -1.945147 770.452133 180.770478 1038.807942 327.059544 1.381664 1.510562 4.101504 3.243415 1.488704 8.971434 -1.609695
15 0 Car 0 0 -1.936483 766.996705 184.755332 1022.380647 327.287381 1.381664 1.510562 4.101504 3.255802 1.554745 9.269818 -1.609695
16 0 Car 0 0 -1.925835 762.166600 184.018914 1004.048751 320.001880 1.381664 1.510562 4.101504 3.248616 1.548157 9.593708 -1.609695
17 0 Car 0 0 -1.915795 757.598223 183.322205 987.219927 313.318193 1.381664 1.510562 4.101504 3.241430 1.541569 9.917599 -1.609695
18 0 Car 0 0 -1.906314 753.270861 182.662079 971.716594 307.164709 1.381664 1.510562 4.101504 3.234244 1.534981 10.241490 -1.609695
19 0 Car 0 0 -1.897348 749.165932 182.035727 957.388089 301.480746 1.381664 1.510562 4.101504 3.227057 1.528394 10.565380 -1.609695
20 0 Car 0 0 -1.888858 745.266716 181.440622 944.105744 296.214541 1.381664 1.510562 4.101504 3.219871 1.521806 10.889271 -1.609695
21 0 Car 0 0 -1.881229 740.419976 181.936285 930.040288 292.498576 1.381664 1.510562 4.101504 3.201323 1.535155 11.244542 -1.611755
22 0 Car 0 0 -1.874132 735.824881 182.406141 917.021897 289.058732 1.381664 1.510562 4.101504 3.182775 1.548505 11.599813 -1.613815
22 1 Car 1 0 -2.636860 1192.179611 167.565265 1241.000000 374.000000 1.598096 1.659369 3.553793 3.804984 1.548693 1.912986 -1.592551
23 0 Car 0 0 -1.867525 731.462340 182.852153 904.937823 285.865333 1.381664 1.510562 4.101504 3.164227 1.561854 11.955084 -1.615876
23 1 Car 1 0 -2.578658 1147.132426 165.750009 1241.000000 374.000000 1.598096 1.659369 3.553793 3.795752 1.543344 2.210502 -1.592135
24 0 Car 0 0 -1.861372 727.315147 183.276094 893.690943 282.892808 1.381664 1.510562 4.101504 3.145678 1.575204 12.310354 -1.617936
24 1 Car 1 0 -2.524302 1108.345956 163.931183 1241.000000 374.000000 1.598096 1.659369 3.553793 3.786520 1.537996 2.508019 -1.591718
25 0 Car 0 0 -1.855638 723.367754 183.679563 883.197145 280.119007 1.381664 1.510562 4.101504 3.127130 1.588554 12.665625 -1.619996
25 1 Car 1 0 -2.473704 1074.599820 162.108327 1241.000000 374.000000 1.598096 1.659369 3.553793 3.777288 1.532647 2.805535 -1.591302
26 0 Car 0 0 -1.848424 719.523371 184.223991 872.601668 277.534834 1.381664 1.510562 4.101504 3.107886 1.605665 13.045118 -1.620640
26 1 Car 1 0 -2.426712 1044.971485 160.280979 1241.000000 374.000000 1.598096 1.659369 3.553793 3.768056 1.527298 3.103051 -1.590885
27 0 Car 0 0 -1.838867 714.011516 184.733611 860.225031 275.128044 1.381664 1.510562 4.101504 3.048608 1.622568 13.422626 -1.621284
27 1 Car 1 0 -2.383132 1018.750578 158.448671 1241.000000 374.000000 1.598096 1.659369 3.553793 3.758824 1.521949 3.400567 -1.590468
28 0 Car 0 0 -1.831160 709.668553 185.222968 849.846339 272.874114 1.381664 1.510562 4.101504 3.009346 1.639574 13.801126 -1.621928
28 1 Car 1 0 -2.343218 995.857237 156.209442 1241.000000 374.000000 1.598096 1.659369 3.553793 3.758783 1.514456 3.707490 -1.590468
29 0 Car 0 0 -1.823863 705.528183 185.689551 840.113948 270.761085 1.381664 1.510562 4.101504 2.970085 1.656581 14.179626 -1.622571
29 1 Car 1 0 -2.306438 975.455942 161.120125 1241.000000 374.000000 1.598096 1.659369 3.553793 3.759099 1.540696 4.014061 -1.590468
30 0 Car 0 0 -1.816946 701.576554 186.134913 830.969308 268.776144 1.381664 1.510562 4.101504 2.930824 1.673588 14.558126 -1.623215
30 1 Car 1 0 -2.272524 957.061864 161.052075 1241.000000 374.000000 1.598096 1.659369 3.553793 3.759166 1.543462 4.320877 -1.590468
31 0 Car 0 0 -1.811908 694.462966 185.385887 819.135672 265.343608 1.381664 1.510562 4.101504 2.824466 1.662803 14.939588 -1.629652
31 1 Car 1 0 -2.249465 933.234272 160.673035 1241.000000 374.000000 1.598096 1.659369 3.553793 3.704850 1.545899 4.608289 -1.603846
32 0 Car 0 0 -1.807385 687.659741 184.670027 807.986216 262.106350 1.381664 1.510562 4.101504 2.718109 1.652017 15.321051 -1.636089
32 1 Car 1 0 -2.228671 911.388639 157.060449 1241.000000 374.000000 1.598096 1.659369 3.553793 3.650374 1.533178 4.895859 -1.617224
33 0 Car 0 0 -1.803345 681.147048 183.985168 797.463174 259.048180 1.381664 1.510562 4.101504 2.611752 1.641231 15.702513 -1.642526
33 1 Car 1 0 -2.210009 891.343417 158.330892 1241.000000 374.000000 1.598096 1.659369 3.553793 3.596126 1.542055 5.183203 -1.630602
34 0 Car 0 0 -1.799761 674.906712 183.329333 787.515106 256.154651 1.381664 1.510562 4.101504 2.505394 1.630446 16.083975 -1.648963
34 1 Car 1 0 -2.193347 872.801729 153.093748 1241.000000 374.000000 1.598096 1.659369 3.553793 3.541471 1.512506 5.470949 -1.643980
35 0 Car 0 0 -1.796604 668.922047 182.700706 778.096049 253.412827 1.381664 1.510562 4.101504 2.399037 1.619660 16.465437 -1.655400
35 1 Car 0 0 -2.178551 855.702671 155.547144 1241.000000 374.000000 1.598096 1.659369 3.553793 3.487218 1.520827 5.758300 -1.657358
36 0 Car 0 0 -1.784236 661.651564 182.575792 765.709191 251.174481 1.381664 1.510562 4.101504 2.244392 1.622299 16.900184 -1.655400
36 1 Car 0 0 -2.146710 834.788385 156.408246 1241.000000 374.000000 1.598096 1.659369 3.553793 3.364260 1.522143 6.045295 -1.660352
37 0 Car 0 0 -1.772442 654.708091 182.456459 754.023612 249.063919 1.381664 1.510562 4.101504 2.089746 1.624939 17.334931 -1.655400
37 1 Car 0 0 -2.116725 815.352279 157.158913 1241.000000 374.000000 1.598096 1.659369 3.553793 3.241303 1.523458 6.332290 -1.663345
38 0 Car 0 0 -1.761186 648.070049 182.342343 742.981397 247.070502 1.381664 1.510562 4.101504 1.935101 1.627578 17.769678 -1.655400
38 1 Car 0 0 -2.088517 797.243010 158.030293 1219.692891 374.000000 1.598096 1.659369 3.553793 3.118346 1.524774 6.619285 -1.666339
39 0 Car 0 0 -1.750433 641.717720 182.233107 732.530839 245.184740 1.381664 1.510562 4.101504 1.780456 1.630218 18.204425 -1.655400
39 1 Car 0 0 -2.062002 780.329218 159.028919 1169.740749 374.000000 1.598096 1.659369 3.553793 2.995389 1.526089 6.906280 -1.669332
40 0 Car 0 0 -1.740154 635.633046 182.128445 722.625625 243.398142 1.381664 1.510562 4.101504 1.625811 1.632857 18.639172 -1.655400
40 1 Car 0 0 -2.037094 764.496324 159.922862 1124.937842 374.000000 1.598096 1.659369 3.553793 2.872432 1.527405 7.193276 -1.672326
41 0 Car 0 0 -1.733917 628.509286 182.543979 712.500492 242.394715 1.381664 1.510562 4.101504 1.442928 1.650376 19.060936 -1.660407
41 1 Car 0 0 -2.007266 748.347959 161.414736 1078.231726 365.685579 1.598096 1.659369 3.553793 2.739680 1.533368 7.538237 -1.672326
42 0 Car 0 0 -1.728143 621.663131 182.943195 702.867142 241.439485 1.381664 1.510562 4.101504 1.260046 1.667895 19.482701 -1.665415
42 1 Car 0 0 -1.979402 733.361784 162.741103 1036.721081 355.374997 1.598096 1.659369 3.553793 2.606928 1.539331 7.883199 -1.672326
43 0 Car 0 0 -1.722806 615.078674 183.327039 693.690576 240.529056 1.381664 1.510562 4.101504 1.077164 1.685413 19.904465 -1.670423
43 1 Car 0 0 -1.953351 719.416692 163.928058 999.584681 346.179517 1.598096 1.659369 3.553793 2.474176 1.545294 8.228161 -1.672326
44 0 Car 0 0 -1.717881 608.741200 183.696387 684.939040 239.660343 1.381664 1.510562 4.101504 0.894281 1.702932 20.326230 -1.675431
44 1 Car 0 0 -1.928976 706.407842 164.996483 966.165728 337.927521 1.598096 1.659369 3.553793 2.341424 1.551257 8.573123 -1.672326
45 0 Car 0 0 -1.713347 602.637080 184.052046 676.583653 238.830539 1.381664 1.510562 4.101504 0.711399 1.720451 20.747994 -1.680439
45 1 Car 0 0 -1.906146 694.244010 165.963289 935.932633 330.480888 1.598096 1.659369 3.553793 2.208671 1.557220 8.918085 -1.672326
46 0 Car 0 0 -1.709375 596.895940 184.432084 668.917005 238.204305 1.381664 1.510562 4.101504 0.533648 1.738486 21.126697 -1.685352
46 1 Car 0 0 -1.886287 682.188689 166.826486 908.411550 323.978835 1.598096 1.659369 3.553793 2.068064 1.563111 9.251436 -1.674410
47 0 Car 0 0 -1.705707 591.338422 184.799882 661.549967 237.602221 1.381664 1.510562 4.101504 0.355896 1.756521 21.505399 -1.690265
47 1 Car 0 0 -1.867721 670.841498 167.616622 883.224638 318.034945 1.598096 1.659369 3.553793 1.927456 1.569001 9.584788 -1.676493
48 0 Car 0 0 -1.702331 585.955864 185.156024 654.465299 237.022913 1.381664 1.510562 4.101504 0.178145 1.774557 21.884102 -1.695177
48 1 Car 0 0 -1.850353 660.141830 168.342596 860.087004 312.580300 1.598096 1.659369 3.553793 1.786848 1.574892 9.918140 -1.678576
49 0 Car 0 0 -1.700702 581.710268 183.332945 648.786503 233.824247 1.381664 1.510562 4.101504 0.032764 1.719312 22.267706 -1.700090
49 1 Car 0 0 -1.834096 650.035806 169.011918 838.758312 307.556885 1.598096 1.659369 3.553793 1.646240 1.580783 10.251491 -1.680660
50 0 Car 0 0 -1.699291 577.596028 181.566621 643.319738 230.744288 1.381664 1.510562 4.101504 -0.112617 1.664068 22.651311 -1.705003
50 1 Car 0 0 -1.818867 640.475360 169.630971 819.034386 302.915504 1.598096 1.659369 3.553793 1.505633 1.586674 10.584843 -1.682743
51 0 Car 0 1 -1.693085 573.828761 180.379757 637.682119 228.627169 1.381664 1.510562 4.101504 -0.259788 1.633095 23.029572 -1.705003
51 1 Car 0 0 -1.804066 632.767098 169.952115 801.576180 297.946280 1.598096 1.659369 3.553793 1.386093 1.589196 10.946157 -1.682743
52 0 Car 0 1 -1.687078 570.173894 179.207556 632.243063 226.585324 1.381664 1.510562 4.101504 -0.406959 1.602121 23.407834 -1.705003
52 1 Car 0 0 -1.790138 625.487312 170.249220 785.427060 293.356968 1.598096 1.659369 3.553793 1.266554 1.591718 11.307471 -1.682743
53 0 Car 0 1 -1.681260 566.626469 178.075901 626.992261 224.614809 1.381664 1.510562 4.101504 -0.554130 1.571148 23.786095 -1.705003
53 1 Car 0 0 -1.777013 618.601242 170.524887 770.445104 289.105604 1.598096 1.659369 3.553793 1.147014 1.594240 11.668784 -1.682743
54 0 Car 0 1 -1.675896 563.395540 180.447067 622.171684 226.210781 1.381664 1.510562 4.101504 -0.693552 1.647004 24.164132 -1.705003
54 1 Car 0 0 -1.764628 612.077788 170.781357 756.508196 285.156184 1.598096 1.659369 3.553793 1.027475 1.596762 12.030098 -1.682743
55 0 Car 0 1 -1.670697 560.256825 182.538656 617.512280 227.752911 1.381664 1.510562 4.101504 -0.832974 1.722859 24.542169 -1.705003
55 1 Car 0 0 -1.752926 605.889043 171.020566 743.510674 281.477645 1.598096 1.659369 3.553793 0.907935 1.599284 12.391412 -1.682743
56 0 Car 0 1 -1.662186 557.881263 182.806751 613.312206 227.349763 1.381664 1.510562 4.101504 -0.954662 1.737890 24.906501 -1.700828
56 1 Car 0 0 -1.744336 601.733066 171.499931 733.285629 278.039040 1.598096 1.659369 3.553793 0.822601 1.605689 12.779777 -1.682743
57 0 Car 0 1 -1.653801 555.570418 183.067766 609.241213 226.959299 1.381664 1.510562 4.101504 -1.076350 1.752921 25.270832 -1.696653
57 1 Car 0 0 -1.736234 597.794310 171.946959 723.751335 274.836531 1.598096 1.659369 3.553793 0.737266 1.612094 13.168141 -1.682743
58 0 Car 0 1 -1.646714 554.118397 182.552159 606.211052 225.662739 1.381664 1.510562 4.101504 -1.167928 1.738376 25.639854 -1.692477
58 1 Car 0 0 -1.728579 594.056178 172.364815 714.840083 271.846610 1.598096 1.659369 3.553793 0.651931 1.618499 13.556506 -1.682743
59 0 Car 0 1 -1.639709 552.705500 182.049998 603.272261 224.406394 1.381664 1.510562 4.101504 -1.259505 1.723832 26.008877 -1.688302
59 1 Car 0 0 -1.721338 590.503725 172.756266 706.492735 269.048789 1.598096 1.659369 3.553793 0.566597 1.624904 13.944870 -1.682743
60 0 Car 0 1 -1.632783 551.330172 181.560763 600.420763 223.188424 1.381664 1.510562 4.101504 -1.351083 1.709287 26.377899 -1.684127
60 1 Car 0 0 -1.714477 587.123449 173.123737 698.657407 266.425130 1.598096 1.659369 3.553793 0.481262 1.631309 14.333234 -1.682743
61 0 Car 0 1 -1.632546 551.970692 179.909332 603.272105 223.511486 1.381664 1.510562 4.101504 -1.240094 1.640514 25.243331 -1.681799
61 1 Car 0 0 -1.706945 583.112772 173.707055 690.651182 264.506884 1.598096 1.659369 3.553793 0.379535 1.641967 14.678296 -1.682743
62 0 Car 0 1 -1.626907 550.192624 180.956094 600.002761 223.782267 1.381664 1.510562 4.101504 -1.346639 1.679016 25.665566 -1.679471
62 1 Car 0 0 -1.699749 579.267676 174.260263 683.058743 262.689173 1.598096 1.659369 3.553793 0.277808 1.652626 15.023357 -1.682743
63 0 Car 0 1 -1.621375 548.468459 181.856822 596.847058 224.043460 1.381664 1.510562 4.101504 -1.453185 1.717518 26.087802 -1.677143
63 1 Car 0 0 -1.692869 575.578116 174.785634 675.848819 260.964295 1.598096 1.659369 3.553793 0.176081 1.663284 15.368418 -1.682743
64 0 Car 0 1 -1.615945 546.795786 182.692700 593.799171 224.295563 1.381664 1.510562 4.101504 -1.559730 1.756021 26.510037 -1.674815
64 1 Car 0 0 -1.686285 572.034841 175.285216 668.993215 259.325316 1.598096 1.659369 3.553793 0.074353 1.673943 15.713480 -1.682743
64 5 Van 0 3 1.780801 360.562070 169.402958 387.449418 193.791589 2.666331 1.825991 5.274451 -26.792660 2.324731 82.067608 1.465922
65 0 Car 0 2 -1.610612 545.172334 183.504366 590.853663 224.539041 1.381664 1.510562 4.101504 -1.666276 1.794523 26.932273 -1.672487
65 1 Car 0 0 -1.679979 568.629321 175.760865 662.466437 257.765975 1.598096 1.659369 3.553793 -0.027374 1.684602 16.058541 -1.682743
65 5 Van 0 3 1.788262 355.450028 170.024040 383.609084 195.240606 2.666331 1.825991 5.274451 -26.434714 2.403402 79.467956 1.467850
66 0 Car 0 2 -1.601964 545.423518 184.000227 589.145203 224.120248 1.381664 1.510562 4.101504 -1.727329 1.824221 27.551774 -1.664664
66 1 Car 0 0 -1.675116 566.119817 179.031009 657.320542 259.255939 1.598096 1.659369 3.553793 -0.108582 1.752656 16.381932 -1.682743
66 5 Van 0 3 1.796290 349.821776 174.032076 379.372303 200.146121 2.666331 1.825991 5.274451 -26.091071 2.826669 76.862868 1.469779
67 0 Car 0 2 -1.593353 545.379270 184.475977 587.515090 223.721276 1.381664 1.510562 4.101504 -1.788383 1.853919 28.171276 -1.656841
67 1 Car 0 0 -1.670440 563.698535 181.987766 652.396017 260.681009 1.598096 1.659369 3.553793 -0.189789 1.820710 16.705323 -1.682743
67 5 Van 0 3 1.803990 344.379967 176.046588 375.399337 203.114137 2.666331 1.825991 5.274451 -25.691331 3.022756 74.265977 1.471708
68 0 Car 0 2 -1.584774 544.784453 184.932822 585.958004 223.340740 1.381664 1.510562 4.101504 -1.849436 1.883618 28.790778 -1.649017
68 1 Car 0 0 -1.665555 561.047259 178.262196 647.292112 255.053174 1.598096 1.659369 3.553793 -0.279188 1.741816 17.029505 -1.682743
68 5 Van 0 3 1.813000 337.708927 172.067898 370.388902 200.143119 2.666331 1.825991 5.274451 -25.369608 2.629849 71.668122 1.473636
69 0 Car 0 2 -1.576228 544.169224 180.968731 584.417466 217.892592 1.381664 1.510562 4.101504 -1.912522 1.720952 29.412290 -1.641194
69 1 Car 0 0 -1.660850 558.486236 174.524754 642.399207 249.660779 1.598096 1.659369 3.553793 -0.368587 1.662923 17.353687 -1.682743
69 5 Van 0 3 1.822501 330.516122 167.778374 365.015583 196.939596 2.666331 1.825991 5.274451 -25.047885 2.236941 69.070267 1.475565
70 0 Car 0 2 -1.571213 543.892933 181.330070 583.555435 217.768396 1.381664 1.510562 4.101504 -1.950575 1.741619 29.819113 -1.636571
70 1 Car 0 0 -1.656315 556.010936 170.938535 637.704485 244.489353 1.598096 1.659369 3.553793 -0.457986 1.584029 17.677869 -1.682743
70 5 Van 0 3 1.832763 323.197868 163.388733 359.646439 193.675928 2.666331 1.825991 5.274451 -24.724437 1.864727 66.575091 1.478231
71 0 Car 0 2 -1.566209 543.625128 181.682385 582.717554 217.647755 1.381664 1.510562 4.101504 -1.988628 1.762286 30.225935 -1.631948
71 1 Car 0 0 -1.653567 554.698028 172.180288 634.638464 244.396779 1.598096 1.659369 3.553793 -0.515724 1.611330 17.973686 -1.682743
71 5 Van 0 3 1.843707 315.197105 163.925682 353.797806 195.449293 2.666331 1.825991 5.274451 -24.406205 1.943345 64.074279 1.480896
72 0 Car 0 2 -1.561214 543.365450 182.026012 581.902813 217.530515 1.381664 1.510562 4.101504 -2.026680 1.782953 30.632757 -1.627324
72 1 Car 0 0 -1.650906 553.424032 173.377826 631.681723 244.307542 1.598096 1.659369 3.553793 -0.573463 1.638631 18.269502 -1.682743
72 5 Van 0 3 1.855262 306.517553 164.508168 347.493653 197.373211 2.666331 1.825991 5.274451 -24.087972 2.021963 61.573466 1.483562
73 0 Car 0 2 -1.558176 543.395206 182.160014 581.531093 217.314515 1.381664 1.510562 4.101504 -2.046948 1.792974 30.933552 -1.624301
73 1 Car 0 0 -1.648330 552.187243 174.533470 628.828523 244.221464 1.598096 1.659369 3.553793 -0.631201 1.665933 18.565318 -1.682743
73 5 Van 0 3 1.867497 297.068991 165.142240 340.678618 199.467702 2.666331 1.825991 5.274451 -23.769739 2.100582 59.072654 1.486228
74 0 Car 0 2 -1.555137 543.424533 182.291615 581.166781 217.102976 1.381664 1.510562 4.101504 -2.067215 1.802996 31.234347 -1.621278
74 1 Car 0 0 -1.645833 550.986054 175.649380 626.073518 244.138381 1.598096 1.659369 3.553793 -0.688940 1.693234 18.861135 -1.682743
74 5 Van 0 3 1.880490 286.744467 165.835064 333.287986 201.756503 2.666331 1.825991 5.274451 -23.451506 2.179200 56.571842 1.488894
75 0 Car 0 2 -1.552099 543.453446 182.420881 580.809654 216.895760 1.381664 1.510562 4.101504 -2.087482 1.813018 31.535141 -1.618255
75 1 Car 0 0 -1.643413 549.818951 176.727570 623.411724 244.058139 1.598096 1.659369 3.553793 -0.746678 1.720535 19.156951 -1.682743
75 5 Van 0 3 1.895253 275.936982 164.826570 325.772920 202.461649 2.666331 1.825991 5.274451 -23.112615 2.130983 54.114499 1.493101
76 1 Car 0 0 -1.637103 550.200788 176.587887 622.018189 242.943635 1.598096 1.659369 3.553793 -0.766491 1.718372 19.407701 -1.676937
76 5 Van 0 3 1.910907 264.047127 163.717005 317.577140 203.237465 2.666331 1.825991 5.274451 -22.773725 2.082766 51.657156 1.497308
77 1 Car 0 0 -1.630805 550.574448 176.452032 620.661210 241.860747 1.598096 1.659369 3.553793 -0.786304 1.716210 19.658451 -1.671131
77 5 Van 0 3 1.927566 250.903687 162.490375 308.603807 204.095137 2.666331 1.825991 5.274451 -22.434834 2.034549 49.199813 1.501516
78 1 Car 0 0 -1.624519 550.940211 176.319852 619.339337 240.808151 1.598096 1.659369 3.553793 -0.806117 1.714047 19.909201 -1.665325
78 5 Van 0 3 1.945366 236.297327 161.127123 298.736798 205.048344 2.666331 1.825991 5.274451 -22.095943 1.986332 46.742470 1.505723
79 1 Car 0 0 -1.618246 551.298348 176.191202 618.051198 239.784595 1.598096 1.659369 3.553793 -0.825930 1.711885 20.159951 -1.659519
79 5 Van 0 3 1.964612 219.823543 159.081772 287.706690 205.591135 2.666331 1.825991 5.274451 -21.765372 1.907962 44.284956 1.509930
80 1 Car 0 0 -1.611983 551.649116 176.065946 616.795494 238.788895 1.598096 1.659369 3.553793 -0.845743 1.709722 20.410701 -1.653713
80 5 Van 0 3 1.986550 200.478475 157.047020 274.770494 206.467278 2.666331 1.825991 5.274451 -21.478977 1.844083 41.829518 1.514517
81 1 Car 0 0 -1.608704 553.310885 175.921291 617.246515 237.792355 1.598096 1.659369 3.553793 -0.823121 1.706984 20.663418 -1.648854
81 5 Van 0 3 2.010276 178.551148 154.740371 260.320912 207.460460 2.666331 1.825991 5.274451 -21.192581 1.780204 39.374081 1.519103
82 1 Car 0 0 -1.605388 554.586022 175.780387 617.685016 236.822418 1.598096 1.659369 3.553793 -0.800500 1.704245 20.916136 -1.643995
82 5 Van 0 3 2.036557 152.983160 152.942222 243.643194 209.440068 2.666331 1.825991 5.274451 -20.929114 1.756311 36.917022 1.523690
83 1 Car 0 0 -1.602035 555.824882 175.643092 618.111480 235.878033 1.598096 1.659369 3.553793 -0.777878 1.701506 21.168853 -1.639136
83 5 Van 0 3 2.065273 123.473226 150.866543 224.754437 211.725187 2.666331 1.825991 5.274451 -20.665646 1.732419 34.459964 1.528277
84 1 Car 0 0 -1.598648 557.032118 175.509269 618.526365 234.958206 1.598096 1.659369 3.553793 -0.755257 1.698768 21.421570 -1.634276
84 5 Van 0 3 2.096827 89.033449 148.443705 203.183834 214.392453 2.666331 1.825991 5.274451 -20.402179 1.708526 32.002906 1.532864
85 1 Car 0 0 -1.595226 558.208954 175.378791 618.930109 234.061991 1.598096 1.659369 3.553793 -0.732635 1.696029 21.674288 -1.629417
85 5 Van 0 3 2.133611 43.959199 144.992030 174.763039 217.123057 2.666331 1.825991 5.274451 -20.256386 1.665049 29.484159 1.535694
86 1 Car 0 0 -1.595963 559.120289 175.083205 619.100508 233.048727 1.598096 1.659369 3.553793 -0.724681 1.688607 21.919532 -1.629417
86 5 Van 0 3 2.174734 0.000000 142.011727 141.509622 221.485321 2.666331 1.825991 5.274451 -20.110170 1.661647 26.964993 1.538525
87 1 Car 0 0 -1.596684 560.009671 174.794706 619.266817 232.059890 1.598096 1.659369 3.553793 -0.716726 1.681184 22.164777 -1.629417
87 5 Van 0 3 2.220945 0.000000 139.427506 102.070133 225.218415 2.666331 1.825991 5.274451 -19.963954 1.658246 24.445827 1.541356
88 1 Car 0 0 -1.597390 560.877884 174.513041 619.429184 231.094609 1.598096 1.659369 3.553793 -0.708771 1.673761 22.410021 -1.629417
88 5 Van 1 3 2.273132 0.000000 140.025989 54.541441 226.164962 2.666331 1.825991 5.274451 -19.817738 1.654845 21.926661 1.544187
89 1 Car 0 0 -1.598080 561.725676 174.237970 619.587746 230.152051 1.598096 1.659369 3.553793 -0.700816 1.666339 22.655266 -1.629417
90 1 Car 0 0 -1.598756 562.553757 173.969265 619.742636 229.231424 1.598096 1.659369 3.553793 -0.692862 1.658916 22.900510 -1.629417
91 1 Car 0 0 -1.598814 562.923048 174.079325 619.376016 228.629064 1.598096 1.659369 3.553793 -0.699873 1.662617 23.176058 -1.629417
92 1 Car 0 0 -1.598871 563.282939 174.186596 619.018695 228.042050 1.598096 1.659369 3.553793 -0.706885 1.666318 23.451605 -1.629417
93 1 Car 0 0 -1.598927 563.633783 174.291182 618.670323 227.469802 1.598096 1.659369 3.553793 -0.713897 1.670019 23.727152 -1.629417
94 1 Car 0 0 -1.598981 563.975917 174.393183 618.330567 226.911771 1.598096 1.659369 3.553793 -0.720909 1.673720 24.002699 -1.629417
95 1 Car 0 0 -1.599034 564.309663 174.492694 617.999113 226.367433 1.598096 1.659369 3.553793 -0.727921 1.677420 24.278246 -1.629417
96 1 Car 0 0 -1.594039 564.663493 172.768261 617.628734 223.917594 1.598096 1.659369 3.553793 -0.726653 1.623391 24.590373 -1.623970
97 1 Car 0 0 -1.589034 565.008427 171.089534 617.267302 221.534725 1.598096 1.659369 3.553793 -0.725385 1.569361 24.902500 -1.618523
98 1 Car 0 0 -1.585025 566.176702 173.304415 617.745041 223.080623 1.598096 1.659369 3.553793 -0.697096 1.640679 25.214364 -1.613076
99 1 Car 0 0 -1.580982 567.314656 175.462193 618.209619 224.585236 1.598096 1.659369 3.553793 -0.668807 1.711998 25.526227 -1.607629
100 1 Car 0 0 -1.576905 568.423484 177.565034 618.661543 226.050183 1.598096 1.659369 3.553793 -0.640517 1.783316 25.838091 -1.602182
101 1 Car 0 0 -1.572150 568.978388 177.715113 618.575642 225.572198 1.598096 1.659369 3.553793 -0.630001 1.790350 26.150093 -1.596735
102 1 Car 0 0 -1.567378 569.519842 177.861475 618.491100 225.106362 1.598096 1.659369 3.553793 -0.619484 1.797383 26.462096 -1.591288
103 1 Car 0 0 -1.562591 570.048360 178.004257 618.407877 224.652218 1.598096 1.659369 3.553793 -0.608967 1.804416 26.774098 -1.585841
104 1 Car 0 0 -1.557788 570.564433 178.143587 618.325931 224.209330 1.598096 1.659369 3.553793 -0.598451 1.811450 27.086101 -1.580394
105 1 Car 0 0 -1.552972 571.068527 178.279589 618.245227 223.777284 1.598096 1.659369 3.553793 -0.587934 1.818483 27.398104 -1.574947
106 1 Car 0 0 -1.553489 571.770240 177.957744 618.320562 222.850647 1.598096 1.659369 3.553793 -0.581069 1.809485 27.743095 -1.574947
107 1 Car 0 0 -1.553993 572.453562 177.644331 618.393922 221.948310 1.598096 1.659369 3.553793 -0.574204 1.800486 28.088087 -1.574947
108 1 Car 0 0 -1.554485 573.119209 177.339024 618.465384 221.069330 1.598096 1.659369 3.553793 -0.567339 1.791488 28.433079 -1.574947
109 1 Car 0 0 -1.554966 573.767855 177.041512 618.535019 220.212813 1.598096 1.659369 3.553793 -0.560475 1.782489 28.778071 -1.574947
110 1 Car 0 0 -1.555435 574.400145 176.751501 618.602899 219.377906 1.598096 1.659369 3.553793 -0.553610 1.773491 29.123062 -1.574947
111 1 Car 0 0 -1.556526 575.494865 177.666760 619.199676 219.813256 1.598096 1.659369 3.553793 -0.526820 1.810289 29.434947 -1.574947
112 1 Car 0 0 -1.557595 576.565186 178.561625 619.783147 220.238896 1.598096 1.659369 3.553793 -0.500030 1.847086 29.746833 -1.574947
113 1 Car 0 0 -1.558642 577.611913 179.436769 620.353753 220.655149 1.598096 1.659369 3.553793 -0.473240 1.883884 30.058718 -1.574947
114 1 Car 0 0 -1.559667 578.635819 180.292837 620.911913 221.062320 1.598096 1.659369 3.553793 -0.446450 1.920681 30.370603 -1.574947
115 1 Car 0 0 -1.560672 579.637643 181.053345 621.458031 221.460706 1.598096 1.659369 3.553793 -0.419660 1.957479 30.682488 -1.574947
116 1 Car 0 0 -1.561100 580.158974 180.883750 621.572224 220.876683 1.598096 1.659369 3.553793 -0.410350 1.953009 30.966850 -1.574947
117 1 Car 0 0 -1.561521 580.670252 180.717073 621.684214 220.303929 1.598096 1.659369 3.553793 -0.401040 1.948538 31.251212 -1.574947
118 1 Car 0 0 -1.561933 581.171764 180.553240 621.794064 219.742121 1.598096 1.659369 3.553793 -0.391730 1.944068 31.535573 -1.574947
119 1 Car 0 0 -1.562339 581.663787 180.388218 621.901835 219.190949 1.598096 1.659369 3.553793 -0.382420 1.939598 31.819935 -1.574947
120 1 Car 0 0 -1.562737 582.146588 180.211354 622.007585 218.650113 1.598096 1.659369 3.553793 -0.373110 1.935128 32.104296 -1.574947
121 1 Car 0 0 -1.562232 581.889454 180.230301 621.470711 218.399339 1.598096 1.659369 3.553793 -0.392142 1.938116 32.318613 -1.574947
122 1 Car 0 0 -1.561734 581.635901 180.248984 620.941319 218.152060 1.598096 1.659369 3.553793 -0.411175 1.941103 32.532929 -1.574947
123 1 Car 0 0 -1.561242 581.385856 180.267409 620.419251 217.908203 1.598096 1.659369 3.553793 -0.430207 1.944091 32.747246 -1.574947
124 1 Car 0 0 -1.560756 581.139246 180.285580 619.904358 217.667698 1.598096 1.659369 3.553793 -0.449239 1.947079 32.961562 -1.574947
125 1 Car 0 0 -1.560277 580.896000 180.303504 619.396493 217.430477 1.598096 1.659369 3.553793 -0.468271 1.950067 33.175879 -1.574947
126 1 Car 0 0 -1.560825 581.398422 179.519919 619.710917 216.464828 1.598096 1.659369 3.553793 -0.452416 1.917368 33.330114 -1.574947
127 1 Car 0 0 -1.561368 581.895959 178.743951 620.022283 215.508573 1.598096 1.659369 3.553793 -0.436560 1.884669 33.484349 -1.574947
128 1 Car 0 0 -1.561907 582.388680 177.975491 620.330634 214.561576 1.598096 1.659369 3.553793 -0.420705 1.851970 33.638585 -1.574947
129 1 Car 0 0 -1.562440 582.876657 177.214429 620.636015 213.623704 1.598096 1.659369 3.553793 -0.404850 1.819271 33.792820 -1.574947
130 1 Car 0 0 -1.562969 583.359958 176.460660 620.938469 212.694825 1.598096 1.659369 3.553793 -0.388994 1.786572 33.947055 -1.574947
131 1 Car 0 0 -1.563549 583.884967 176.765506 621.301358 212.843383 1.598096 1.659369 3.553793 -0.370540 1.800930 34.086612 -1.574947
132 1 Car 0 0 -1.564125 584.405462 177.067732 621.661127 212.990662 1.598096 1.659369 3.553793 -0.352087 1.815288 34.226168 -1.574947
133 1 Car 0 0 -1.564696 584.921502 177.367371 622.017815 213.136680 1.598096 1.659369 3.553793 -0.333633 1.829646 34.365724 -1.574947
134 1 Car 0 0 -1.566607 586.446059 175.940463 623.383557 211.555138 1.598096 1.659369 3.553793 -0.269243 1.765754 34.506281 -1.574947
135 1 Car 0 0 -1.568502 587.957583 174.525750 624.737621 209.987122 1.598096 1.659369 3.553793 -0.204854 1.701863 34.646838 -1.574947
136 1 Car 0 0 -1.569041 588.429540 173.188954 625.053189 208.498428 1.598096 1.659369 3.553793 -0.187458 1.640987 34.787354 -1.574947
137 1 Car 0 0 -1.569576 588.897498 171.863482 625.366083 207.022355 1.598096 1.659369 3.553793 -0.170062 1.580112 34.927869 -1.574947
138 1 Car 0 0 -1.570107 589.361508 170.549191 625.676335 205.558742 1.598096 1.659369 3.553793 -0.152666 1.519236 35.068385 -1.574947
139 1 Car 0 0 -1.570258 589.596970 175.434074 625.762564 210.303075 1.598096 1.659369 3.553793 -0.145600 1.745270 35.205849 -1.574947
140 1 Car 0 0 -1.570407 589.830504 180.278973 625.848087 215.008548 1.598096 1.659369 3.553793 -0.138533 1.971303 35.343314 -1.574947
141 1 Car 0 0 -1.569664 589.299215 179.458514 625.216640 214.091076 1.598096 1.659369 3.553793 -0.165886 1.933964 35.436785 -1.574947
142 1 Car 0 0 -1.568925 588.770868 178.642596 624.588690 213.178685 1.598096 1.659369 3.553793 -0.193238 1.896625 35.530256 -1.574947
143 1 Car 0 0 -1.568189 588.245437 177.831181 623.964207 212.271334 1.598096 1.659369 3.553793 -0.220591 1.859287 35.623727 -1.574947
