0 0 Car 0 0 1.749427 419.230109 189.412920 555.229894 288.627081 1.437500 1.675000 3.875000 -2.053368 1.766400 12.854995 1.593123
1 0 Car 0 0 1.760344 400.181756 189.919931 550.205950 298.665701 1.437500 1.675000 3.875000 -2.074321 1.754563 11.916025 1.590583
2 0 Car 0 0 1.773425 377.181832 190.500489 544.452131 310.790502 1.437500 1.675000 3.875000 -2.095273 1.742725 10.977055 1.588044
3 0 Car 0 0 1.789230 348.858243 191.171849 537.796999 325.727206 1.437500 1.675000 3.875000 -2.116226 1.730888 10.038086 1.585505
4 0 Car 0 0 1.808520 313.120489 191.957118 530.010867 344.582302 1.437500 1.675000 3.875000 -2.137179 1.719050 9.099116 1.582966
5 0 Car 0 0 1.832366 266.618745 192.887972 520.778763 369.130439 1.437500 1.675000 3.875000 -2.158132 1.707213 8.160146 1.580426
6 0 Car 0 0 1.862310 203.646656 196.402848 509.678629 374.000000 1.437500 1.675000 3.875000 -2.178763 1.725789 7.220859 1.577887
7 0 Car 0 0 1.901686 116.277473 197.099732 497.190074 374.000000 1.437500 1.675000 3.875000 -2.194985 1.703870 6.305000 1.578109
8 0 Car 0 0 1.952144 0.000000 197.970612 481.577000 374.000000 1.437500 1.675000 3.875000 -2.211207 1.681951 5.389141 1.578330
9 0 Car 1 0 2.018760 0.000000 199.089949 461.499164 374.000000 1.437500 1.675000 3.875000 -2.227429 1.660033 4.473282 1.578552
10 0 Car 1 0 2.109826 0.000000 200.581758 434.597492 374.000000 1.437500 1.675000 3.875000 -2.243651 1.638114 3.557423 1.578773
11 0 Car 1 0 2.239136 0.000000 202.669062 396.806855 374.000000 1.437500 1.675000 3.875000 -2.259872 1.616195 2.641565 1.578995
12 0 Car 1 0 2.428724 0.000000 216.045476 340.173758 374.000000 1.437500 1.675000 3.875000 -2.275543 1.646421 1.725161 1.579216
13 0 Car 1 0 2.732851 0.000000 209.560670 238.133745 374.000000 1.437500 1.675000 3.875000 -2.289812 1.563258 0.740105 1.581953
513 55 Car 0 2 2.812409 776.870253 165.280578 864.848951 196.730878 1.574150 1.651699 4.104533 11.013524 1.213313 37.926010 3.092634
514 55 Car 0 2 2.857428 767.655976 163.899045 857.260657 196.148398 1.574150 1.651699 4.104533 10.307144 1.154841 37.003424 3.126724
515 55 Car 0 2 2.887834 758.413211 164.073971 849.465657 197.070932 1.574150 1.651699 4.104533 9.646215 1.174320 36.184530 -3.137172
516 55 Car 0 1 2.871831 748.824886 165.647926 841.935498 199.452706 1.574150 1.651699 4.104533 9.003258 1.258938 35.345853 3.118895
517 55 Car 0 1 2.856431 738.783180 167.295348 834.020078 201.960557 1.574150 1.651699 4.104533 8.360301 1.343557 34.507177 3.091778
518 55 Car 0 1 2.840036 729.496934 170.789421 827.011462 206.399352 1.574150 1.651699 4.104533 7.775271 1.509115 33.660495 3.064660
519 55 Car 0 1 2.824246 719.743920 174.455213 819.621201 211.088723 1.574150 1.651699 4.104533 7.190242 1.674673 32.813813 3.037542
520 55 Car 0 1 2.778680 710.286533 173.122795 813.062123 210.931322 1.574150 1.651699 4.104533 6.633922 1.613929 31.868409 2.981539
521 55 Car 0 2 2.733796 700.345868 171.720556 805.979122 210.757559 1.574150 1.651699 4.104533 6.077602 1.553185 30.923005 2.925535
522 55 Car 0 2 2.689659 689.870045 170.242800 798.330340 210.565410 1.574150 1.651699 4.104533 5.521282 1.492441 29.977602 2.869531
523 55 Car 0 2 2.646345 678.799457 168.683119 790.069455 210.352588 1.574150 1.651699 4.104533 4.964962 1.431697 29.032198 2.813528
524 55 Car 0 2 2.593415 668.690612 167.868318 782.880184 211.108473 1.574150 1.651699 4.104533 4.465001 1.403578 28.021523 2.749280
525 55 Car 0 2 2.541368 657.959282 167.003980 774.989559 211.920945 1.574150 1.651699 4.104533 3.965041 1.375459 27.010849 2.685033
526 55 Car 0 2 2.490308 646.520340 165.999288 766.332184 212.796713 1.574150 1.651699 4.104533 3.465080 1.347340 26.000174 2.620785
527 55 Car 0 2 2.440354 634.272765 164.735541 756.833890 213.743644 1.574150 1.651699 4.104533 2.965120 1.319221 24.989500 2.556538
528 55 Car 0 2 2.418228 624.506236 164.892632 750.749676 216.066751 1.574150 1.651699 4.104533 2.596018 1.336144 24.048824 2.523883
529 55 Car 0 2 2.396974 613.936802 165.065215 744.151898 218.600657 1.574150 1.651699 4.104533 2.226916 1.353066 23.108148 2.491228
530 55 Car 0 1 2.376703 602.451598 165.255540 736.982325 221.375147 1.574150 1.651699 4.104533 1.857813 1.369988 22.167472 2.458574
531 55 Car 0 1 2.357543 589.915778 165.466300 729.173372 224.425884 1.574150 1.651699 4.104533 1.488711 1.386911 21.226797 2.425919
532 55 Car 0 1 2.341125 577.574689 166.225821 721.857507 228.167263 1.574150 1.651699 4.104533 1.158041 1.416635 20.328607 2.396485
533 55 Car 0 0 2.325913 564.031921 167.067127 713.877469 232.301621 1.574150 1.651699 4.104533 0.827370 1.446360 19.430418 2.367051
534 55 Car 0 0 2.312078 549.092516 168.003754 705.147593 236.893769 1.574150 1.651699 4.104533 0.496699 1.476084 18.532229 2.337617
535 55 Car 0 0 2.277700 539.554027 170.747868 699.263103 242.980845 1.574150 1.651699 4.104533 0.300632 1.542392 17.804617 2.293400
536 55 Car 0 0 2.244149 529.227410 173.772394 692.819713 249.668642 1.574150 1.651699 4.104533 0.104565 1.608700 17.077004 2.249182
537 55 Car 0 0 2.211532 517.986805 176.679784 685.758324 257.047337 1.574150 1.651699 4.104533 -0.091501 1.675009 16.349391 2.204965
538 55 Car 0 0 2.179972 505.678834 179.719968 678.010405 265.226027 1.574150 1.651699 4.104533 -0.287568 1.741317 15.621778 2.160748
539 55 Car 0 0 2.174550 495.688162 179.300704 675.258503 269.182524 1.574150 1.651699 4.104533 -0.394051 1.725309 14.952151 2.147516
540 55 Car 0 0 2.169842 484.651624 178.846864 672.264747 273.577456 1.574150 1.651699 4.104533 -0.500535 1.709302 14.282525 2.134285
541 55 Car 0 0 2.165950 472.393003 178.353944 668.997785 278.488033 1.574150 1.651699 4.104533 -0.607018 1.693294 13.612898 2.121053
542 55 Car 0 0 2.162993 458.694190 177.816624 665.420571 284.010727 1.574150 1.651699 4.104533 -0.713501 1.677287 12.943271 2.107821
543 55 Car 0 0 2.161119 443.281935 177.228570 661.489006 290.267674 1.574150 1.651699 4.104533 -0.819984 1.661279 12.273644 2.094590
544 55 Car 0 0 2.156470 426.473951 178.097967 656.626383 299.147180 1.574150 1.651699 4.104533 -0.928042 1.672728 11.632355 2.077357
545 55 Car 0 0 2.153221 407.359917 179.053145 651.256590 309.322340 1.574150 1.651699 4.104533 -1.036099 1.684176 10.991066 2.060125
546 55 Car 0 0 2.151614 385.421788 180.107521 645.300658 321.098668 1.574150 1.651699 4.104533 -1.144156 1.695625 10.349777 2.042893
547 55 Car 0 0 2.151947 359.974004 181.277467 638.662205 334.885924 1.574150 1.651699 4.104533 -1.252214 1.707073 9.708488 2.025661
548 55 Car 0 0 2.154592 330.089809 182.583174 631.222345 351.246725 1.574150 1.651699 4.104533 -1.360271 1.718522 9.067199 2.008429
549 55 Car 0 0 2.150380 296.148696 182.425886 622.146968 368.105485 1.574150 1.651699 4.104533 -1.463620 1.707509 8.434161 1.982261
550 55 Car 0 0 2.149400 255.037755 182.249923 611.846791 374.000000 1.574150 1.651699 4.104533 -1.566969 1.696497 7.801124 1.956094
551 55 Car 0 0 2.152382 204.170629 182.051439 600.073105 374.000000 1.574150 1.651699 4.104533 -1.670318 1.685484 7.168086 1.929926
552 55 Car 0 0 2.160279 139.549106 181.825458 586.504084 374.000000 1.574150 1.651699 4.104533 -1.773667 1.674471 6.535049 1.903759
553 55 Car 0 0 2.174343 54.647513 181.565427 570.715753 374.000000 1.574150 1.651699 4.104533 -1.877016 1.663459 5.902011 1.877592
554 55 Car 1 0 2.173270 0.000000 182.261111 555.996248 374.000000 1.574150 1.651699 4.104533 -1.933179 1.663269 5.364455 1.841260
555 55 Car 1 0 2.178483 0.000000 183.061727 538.896274 374.000000 1.574150 1.651699 4.104533 -1.989342 1.663080 4.826899 1.804928
556 55 Car 1 0 2.191635 0.000000 183.993151 518.835957 374.000000 1.574150 1.651699 4.104533 -2.045505 1.662891 4.289344 1.768597
557 55 Car 1 0 2.214916 0.000000 185.090599 494.917094 374.000000 1.574150 1.651699 4.104533 -2.101669 1.662702 3.751788 1.732265
558 55 Car 1 0 2.251205 0.000000 186.403253 466.083067 374.000000 1.574150 1.651699 4.104533 -2.157832 1.662512 3.214232 1.695934
559 55 Car 1 0 2.304200 0.000000 188.001946 430.790701 374.000000 1.574150 1.651699 4.104533 -2.213995 1.662323 2.676676 1.659602
560 55 Car 1 0 2.400043 0.000000 187.857079 393.037195 374.000000 1.574150 1.651699 4.104533 -2.273634 1.650199 2.145834 1.645556
561 55 Car 1 0 2.520998 0.000000 187.672173 344.471915 374.000000 1.574150 1.651699 4.104533 -2.333272 1.638074 1.614992 1.631511
562 55 Car 1 0 2.669944 0.000000 187.427200 279.690169 374.000000 1.574150 1.651699 4.104533 -2.392911 1.625950 1.084151 1.617465
563 55 Car 1 0 2.845207 0.000000 187.086109 188.963318 374.000000 1.574150 1.651699 4.104533 -2.452550 1.613826 0.553309 1.603419
607 56 Car 0 1 1.591499 0.000000 190.325865 31.432440 219.715171 1.450566 1.618744 3.828570 -31.779397 2.399650 38.270385 0.901780
608 56 Car 0 0 1.586341 49.065066 191.124281 88.289635 220.481134 1.450566 1.618744 3.828570 -29.181721 2.462005 38.921724 0.946105
609 56 Car 0 0 1.579061 106.698032 191.897789 143.828554 220.891475 1.450566 1.618744 3.828570 -26.584045 2.524361 39.573063 0.990429
610 56 Car 0 0 1.585046 152.996168 196.310325 188.727773 225.511792 1.450566 1.618744 3.828570 -24.339658 2.794801 40.014715 1.041250
611 56 Car 0 0 1.587805 199.902278 197.123684 234.551218 226.277843 1.450566 1.618744 3.828570 -21.904956 2.852208 40.270192 1.092071
612 56 Car 0 0 1.597567 237.550634 193.500763 272.319390 222.405138 1.450566 1.618744 3.828570 -19.738202 2.637159 40.145370 1.142892
613 56 Car 0 0 1.605339 275.502143 189.858514 310.265828 218.500447 1.450566 1.618744 3.828570 -17.571449 2.422109 40.020548 1.193712
614 56 Car 0 0 1.617952 307.624871 188.209972 343.105397 217.003625 1.450566 1.618744 3.828570 -15.614582 2.318626 39.629784 1.244533
615 56 Car 0 0 1.628596 340.460233 186.530712 376.537273 215.470615 1.450566 1.618744 3.828570 -13.657716 2.215143 39.239020 1.295354
616 56 Car 0 0 1.643433 368.717665 184.860374 406.029098 214.135401 1.450566 1.618744 3.828570 -11.892290 2.110046 38.610996 1.346175
617 56 Car 0 0 1.656238 397.986891 183.136850 436.430135 212.749763 1.450566 1.618744 3.828570 -10.126863 2.004949 37.982973 1.396995
618 56 Car 0 0 1.676487 426.506293 181.058340 466.850822 211.129173 1.450566 1.618744 3.828570 -8.398680 1.883216 37.209473 1.455587
619 56 Car 0 0 1.688824 452.054920 178.604486 494.001311 209.425912 1.450566 1.618744 3.828570 -6.868336 1.754812 36.312179 1.502774
620 56 Car 0 0 1.679460 474.580183 179.030561 516.716879 210.714086 1.450566 1.618744 3.828570 -5.580495 1.766700 35.366557 1.523635
620 58 Pedestrian 0 0 1.126129 691.540062 168.881296 700.873395 198.505090 1.742328 0.470443 0.549434 5.150611 1.512854 42.819140 1.244602
621 56 Car 0 0 1.707027 491.957265 179.344472 537.247813 211.957644 1.450566 1.618744 3.828570 -4.517998 1.771378 34.377034 1.576837
621 58 Pedestrian 0 0 1.104416 716.676853 168.362990 724.487860 198.488335 1.742328 0.470443 0.549434 6.317757 1.486654 42.109470 1.251896
622 56 Car 0 0 1.696454 505.780127 178.447459 551.617766 212.187267 1.450566 1.618744 3.828570 -3.723455 1.722392 33.286298 1.585411
622 58 Pedestrian 0 0 1.081976 742.384792 167.826791 748.384793 198.470992 1.742328 0.470443 0.549434 7.484903 1.460454 41.399801 1.259189
623 56 Car 0 0 1.686820 516.796325 177.159454 563.421649 212.183965 1.450566 1.618744 3.828570 -3.084863 1.659386 32.131178 1.591357
623 57 Car 0 1 1.588695 557.916654 176.786177 584.245955 199.598877 1.434089 1.659938 3.667866 -2.567098 1.713140 47.760540 1.534863
623 58 Pedestrian 0 0 1.067199 756.331749 166.688310 764.082532 197.870358 1.742328 0.470443 0.549434 8.293549 1.401523 40.686154 1.266483
624 56 Car 0 0 1.695272 522.590944 177.426606 571.620345 213.818086 1.450566 1.618744 3.828570 -2.671089 1.662977 30.981802 1.609446
624 57 Car 0 1 1.589381 566.436639 175.578176 593.411000 198.956187 1.434089 1.659938 3.667866 -1.934728 1.631772 46.641372 1.547732
624 58 Pedestrian 0 0 1.058195 765.608543 166.987446 774.941876 198.805769 1.742328 0.470443 0.549434 8.814909 1.424891 39.881217 1.273777
625 56 Car 0 0 1.679641 526.273856 176.515208 575.787278 214.401943 1.450566 1.618744 3.828570 -2.409086 1.620659 29.841684 1.599235
625 57 Car 0 1 1.589459 575.391548 174.307760 603.047920 198.280711 1.434089 1.659938 3.667866 -1.302357 1.550405 45.522204 1.560600
625 58 Pedestrian 0 0 1.048648 779.128684 167.299002 788.261182 199.779982 1.742328 0.470443 0.549434 9.336269 1.448259 39.076280 1.281070
626 56 Car 0 0 1.712135 524.549322 177.531388 579.066334 217.050197 1.450566 1.618744 3.828570 -2.276934 1.651724 28.659669 1.632990
626 57 Car 0 0 1.596105 579.416780 174.170609 608.093891 198.761606 1.434089 1.659938 3.667866 -0.989169 1.539925 44.418952 1.573540
626 58 Pedestrian 0 0 1.046370 787.275154 167.316180 795.941821 200.330536 1.742328 0.470443 0.549434 9.580720 1.454011 38.450789 1.288364
627 56 Car 0 0 1.723910 523.333256 176.880419 581.366515 218.252025 1.450566 1.618744 3.828570 -2.155469 1.620649 27.450247 1.645697
627 57 Car 0 0 1.602431 583.656520 174.026165 613.441646 199.267660 1.434089 1.659938 3.667866 -0.675982 1.529446 43.315699 1.586481
627 58 Pedestrian 0 0 1.043825 794.553591 167.333938 803.974539 200.899412 1.742328 0.470443 0.549434 9.825171 1.459763 37.825299 1.295658
628 56 Car 0 0 1.727239 518.612521 177.556231 579.841539 221.095637 1.450566 1.618744 3.828570 -2.163531 1.636230 26.174379 1.644969
628 57 Car 0 0 1.622416 584.571081 174.220392 616.493783 200.255154 1.434089 1.659938 3.667866 -0.538683 1.537903 42.039836 1.609230
628 58 Pedestrian 0 0 1.042890 800.537942 167.406169 810.537942 201.629512 1.742328 0.470443 0.549434 9.968677 1.468993 37.105099 1.302951
629 56 Car 0 0 1.730975 513.369300 178.307163 578.171160 224.254195 1.450566 1.618744 3.828570 -2.171594 1.651812 24.898511 1.644241
629 57 Car 0 0 1.615805 585.007848 174.463486 617.412244 201.268346 1.434089 1.659938 3.667866 -0.485133 1.548948 40.886338 1.603550
629 58 Pedestrian 0 0 1.041671 806.913922 167.481289 817.694704 202.388717 1.742328 0.470443 0.549434 10.112183 1.478223 36.384898 1.310245
630 56 Car 0 0 1.735184 507.511765 179.146477 576.333544 227.783089 1.450566 1.618744 3.828570 -2.179656 1.667393 23.622643 1.643513
630 57 Car 0 0 1.609139 585.471874 174.721337 618.380995 202.343403 1.434089 1.659938 3.667866 -0.431582 1.559992 39.732840 1.597870
630 58 Pedestrian 0 0 1.043502 810.732598 167.256879 822.065932 202.754980 1.742328 0.470443 0.549434 10.159026 1.471647 35.784232 1.317539
631 56 Car 0 0 1.739944 500.925234 180.051897 574.302255 231.751504 1.450566 1.618744 3.828570 -2.187718 1.682974 22.346775 1.642785
631 57 Car 0 0 1.624566 584.553991 175.012532 619.510819 203.516391 1.434089 1.659938 3.667866 -0.411185 1.571529 38.549986 1.613479
631 58 Pedestrian 0 0 1.045165 813.973649 167.024745 826.244102 203.133827 1.742328 0.470443 0.549434 10.205869 1.465071 35.183565 1.324832
632 56 Car 0 0 1.745352 493.464581 180.942750 572.044975 236.247010 1.450566 1.618744 3.828570 -2.195780 1.698555 21.070907 1.642057
632 57 Car 0 0 1.639981 583.580637 175.323428 620.705764 204.766088 1.434089 1.659938 3.667866 -0.390788 1.583066 37.367131 1.629089
632 58 Pedestrian 0 2 1.044918 818.877441 166.741066 831.877442 203.506890 1.742328 0.470443 0.549434 10.311703 1.456620 34.560020 1.332126
633 56 Car 0 0 1.746381 484.818648 181.763782 568.832427 241.248803 1.450566 1.618744 3.828570 -2.213072 1.708536 19.774509 1.635615
633 57 Car 0 0 1.655384 582.546344 175.656072 621.971902 206.100261 1.434089 1.659938 3.667866 -0.370391 1.594603 36.184277 1.644698
633 58 Pedestrian 0 0 1.044432 825.145836 166.446876 839.283366 203.893751 1.742328 0.470443 0.549434 10.417537 1.448168 33.936474 1.339420
634 56 Car 0 0 1.748426 474.820932 182.688908 565.210827 247.034342 1.450566 1.618744 3.828570 -2.230363 1.718517 18.478110 1.629174
634 57 Car 0 0 1.651073 580.715397 176.057013 621.202921 207.620409 1.434089 1.659938 3.667866 -0.419635 1.608362 34.967033 1.638622
634 58 Pedestrian 0 0 1.044518 831.070805 165.633828 846.070805 203.893775 1.742328 0.470443 0.549434 10.463594 1.417345 33.219597 1.346713
635 56 Car 0 0 1.751708 463.127046 183.739272 561.097038 253.803482 1.450566 1.618744 3.828570 -2.247655 1.728497 17.181712 1.622732
635 57 Car 0 0 1.646888 578.745296 176.488474 620.380811 209.256788 1.434089 1.659938 3.667866 -0.468878 1.622120 33.749790 1.632546
635 58 Pedestrian 0 0 1.044324 836.846493 164.784598 851.865710 203.893785 1.742328 0.470443 0.549434 10.509651 1.386522 32.502720 1.354007
636 56 Car 0 0 1.756519 449.264764 184.942159 556.383752 261.830347 1.450566 1.618744 3.828570 -2.264946 1.738478 15.885314 1.616290
636 57 Car 0 0 1.642844 576.619449 176.954073 619.499948 211.023256 1.434089 1.659938 3.667866 -0.518121 1.635878 32.532547 1.626470
636 58 Pedestrian 0 0 1.043833 842.961066 163.896718 857.627733 203.893781 1.742328 0.470443 0.549434 10.555708 1.355699 31.785844 1.361301
637 56 Car 0 0 1.763245 432.568656 186.333403 550.930019 271.501346 1.450566 1.618744 3.828570 -2.282238 1.748458 14.588915 1.609848
637 57 Car 0 0 1.654236 572.624451 177.873041 618.154565 213.375130 1.434089 1.659938 3.667866 -0.610977 1.666116 31.282846 1.634269
637 58 Pedestrian 0 0 1.044718 848.454402 164.535567 862.621338 205.369945 1.742328 0.470443 0.549434 10.568391 1.391111 31.142507 1.368594
638 56 Car 0 0 1.772414 412.069997 187.961016 544.546933 283.379247 1.450566 1.618744 3.828570 -2.299529 1.758439 13.292517 1.603406
638 57 Car 0 0 1.665923 568.280074 178.873952 616.701559 215.933601 1.434089 1.659938 3.667866 -0.703834 1.696354 30.033146 1.642067
638 58 Pedestrian 0 0 1.045365 854.217099 165.201646 867.550432 206.908886 1.742328 0.470443 0.549434 10.581074 1.426524 30.499170 1.375888
639 56 Car 0 0 1.784766 386.301766 189.890841 536.975348 298.316727 1.450566 1.618744 3.828570 -2.316820 1.768419 11.996119 1.596964
639 57 Car 0 0 1.677944 563.538235 179.946941 615.127610 218.727128 1.434089 1.659938 3.667866 -0.796690 1.726591 28.783445 1.649866
639 58 Pedestrian 0 0 1.045760 859.670625 165.896732 874.331402 208.514695 1.742328 0.470443 0.549434 10.593757 1.461937 29.855833 1.383182
640 56 Car 0 0 1.801180 353.321109 191.004258 527.565565 315.416099 1.450566 1.618744 3.828570 -2.342834 1.758146 10.736623 1.590281
640 57 Car 0 0 1.690342 558.341601 180.990189 613.417104 221.789652 1.434089 1.659938 3.667866 -0.889547 1.756829 27.533745 1.657665
640 58 Pedestrian 0 0 1.046829 864.626633 165.563690 880.293300 209.051068 1.742328 0.470443 0.549434 10.593122 1.454253 29.264291 1.390475
641 56 Car 0 0 1.823229 309.354141 192.362729 516.079877 338.224709 1.450566 1.618744 3.828570 -2.368848 1.747872 9.477127 1.583597
641 57 Car 0 0 1.703974 552.067221 180.571046 610.909158 223.253278 1.434089 1.659938 3.667866 -1.007225 1.727383 26.358939 1.665464
641 58 Pedestrian 0 0 1.047672 870.084653 165.216768 886.097822 209.609742 1.742328 0.470443 0.549434 10.592487 1.446568 28.672750 1.397769
642 56 Car 0 0 1.853187 247.811708 194.057154 501.747135 370.174929 1.450566 1.618744 3.828570 -2.394862 1.737599 8.217631 1.576913
642 57 Car 0 0 1.718140 545.170809 180.115125 608.179287 224.862381 1.434089 1.659938 3.667866 -1.124904 1.697936 25.184134 1.673263
642 58 Pedestrian 0 0 1.048279 875.816244 164.855078 891.816245 210.192140 1.742328 0.470443 0.549434 10.591852 1.438884 28.081208 1.405063
643 56 Car 0 0 1.894689 155.518896 196.229736 483.360234 374.000000 1.450566 1.618744 3.828570 -2.420876 1.727325 6.958135 1.570229
643 57 Car 0 0 1.720925 538.655340 179.918204 605.148388 227.052228 1.434089 1.659938 3.667866 -1.224575 1.678763 23.983697 1.669749
643 58 Pedestrian 0 0 1.048636 880.881467 164.477659 897.909398 210.799806 1.742328 0.470443 0.549434 10.591217 1.431199 27.489667 1.412357
644 56 Car 0 0 1.953830 1.746191 199.116113 458.917320 374.000000 1.450566 1.618744 3.828570 -2.446890 1.717052 5.698639 1.563545
644 57 Car 0 0 1.724360 531.395218 179.702084 601.821373 229.492646 1.434089 1.659938 3.667866 -1.324247 1.659591 22.783261 1.666235
644 58 Pedestrian 0 0 1.049377 885.769814 164.098101 903.436481 211.477705 1.742328 0.470443 0.549434 10.564136 1.424251 26.882075 1.419650
645 56 Car 1 0 2.038170 0.000000 204.291715 431.172843 374.000000 1.450566 1.618744 3.828570 -2.438634 1.718871 4.483135 1.563082
645 57 Car 0 0 1.728551 523.254974 179.421624 598.152669 232.229254 1.434089 1.659938 3.667866 -1.423919 1.640418 21.582824 1.662721
645 58 Pedestrian 0 0 1.049853 892.061374 163.700797 910.790746 212.187228 1.742328 0.470443 0.549434 10.537055 1.417303 26.274484 1.426944
646 56 Car 1 0 2.165076 0.000000 211.883318 390.147580 374.000000 1.450566 1.618744 3.828570 -2.430378 1.720690 3.267631 1.562618
646 57 Car 0 0 1.733628 514.064157 179.097390 594.086847 235.319458 1.434089 1.659938 3.667866 -1.523590 1.621246 20.382388 1.659206
646 58 Pedestrian 0 0 1.050049 898.402587 163.284471 917.735921 212.930639 1.742328 0.470443 0.549434 10.509974 1.410355 25.666892 1.434238
647 56 Car 1 0 2.367656 0.000000 224.097698 324.079301 374.000000 1.450566 1.618744 3.828570 -2.422121 1.722509 2.052127 1.562155
647 57 Car 0 0 1.735774 504.619648 180.047265 589.973292 240.151086 1.434089 1.659938 3.667866 -1.606360 1.635358 19.200430 1.652639
647 58 Pedestrian 0 0 1.049948 904.589878 162.847724 923.190762 213.710426 1.742328 0.470443 0.549434 10.482893 1.403407 25.059300 1.441531
648 57 Car 0 0 1.739031 493.797834 180.995371 585.369362 245.688875 1.434089 1.659938 3.667866 -1.689130 1.649469 18.018472 1.646072
648 58 Pedestrian 0 0 1.049533 911.058337 162.389015 928.391671 214.529327 1.742328 0.470443 0.549434 10.455812 1.396458 24.451709 1.448825
649 57 Car 0 0 1.743620 481.273297 182.063175 580.182099 252.099826 1.434089 1.659938 3.667866 -1.771899 1.663581 16.836515 1.639505
649 58 Pedestrian 0 0 1.049714 917.293033 161.933260 936.201161 215.365815 1.742328 0.470443 0.549434 10.411803 1.390040 23.866699 1.456119
650 57 Car 0 0 1.749832 466.609333 183.274884 574.293457 259.608110 1.434089 1.659938 3.667866 -1.854669 1.677692 15.654557 1.632937
650 58 Pedestrian 0 0 1.049589 923.578669 161.454314 943.578669 216.244746 1.742328 0.470443 0.549434 10.367793 1.383621 23.281689 1.463412
651 57 Car 0 0 1.758041 449.205973 184.661700 567.551232 268.521806 1.434089 1.659938 3.667866 -1.937438 1.691804 14.472600 1.626370
651 58 Pedestrian 0 0 1.049138 930.205339 160.950360 951.003346 217.169434 1.742328 0.470443 0.549434 10.323783 1.377202 22.696678 1.470706
652 57 Car 0 0 1.768749 428.215772 186.264553 559.755734 279.276237 1.434089 1.659938 3.667866 -2.020208 1.705916 13.290642 1.619803
652 58 Pedestrian 0 0 1.048340 936.793110 160.419388 957.793110 218.143550 1.742328 0.470443 0.549434 10.279774 1.370783 22.111668 1.478000
653 57 Car 0 0 1.782632 402.401570 188.138207 550.639711 292.507207 1.434089 1.659938 3.667866 -2.102978 1.720027 12.108685 1.613235
653 58 Pedestrian 0 0 1.047172 944.850270 159.859164 965.852853 219.171165 1.742328 0.470443 0.549434 10.235764 1.364365 21.526658 1.485293
654 57 Car 0 0 1.797995 372.082491 189.943515 541.757604 308.926297 1.434089 1.659938 3.667866 -2.149622 1.726235 10.901884 1.606725
654 58 Pedestrian 0 0 1.045611 952.929883 159.267202 973.263217 220.256812 1.742328 0.470443 0.549434 10.191754 1.357946 20.941648 1.492587
655 57 Car 0 0 1.818386 332.466433 192.125279 531.018534 330.391512 1.434089 1.659938 3.667866 -2.196267 1.732442 9.695084 1.600215
655 58 Pedestrian 0 0 1.043628 960.000654 158.640727 982.851213 221.405548 1.742328 0.470443 0.549434 10.147744 1.351527 20.356638 1.499881
656 57 Car 0 0 1.845710 278.500702 194.814974 517.773044 359.651434 1.434089 1.659938 3.667866 -2.242912 1.738650 8.488283 1.593705
656 58 Pedestrian 0 0 1.041195 967.271279 157.976628 991.937945 222.623041 1.742328 0.470443 0.549434 10.103735 1.345108 19.771628 1.507174
657 57 Car 0 0 1.882923 200.661270 198.213371 501.028836 374.000000 1.434089 1.659938 3.667866 -2.289556 1.744857 7.281483 1.587195
657 58 Pedestrian 0 0 1.038281 975.534190 157.271411 1002.494550 223.915652 1.742328 0.470443 0.549434 10.059725 1.338690 19.186618 1.514468
658 57 Car 0 0 1.937859 90.628646 201.554615 484.750778 374.000000 1.434089 1.659938 3.667866 -2.306762 1.742088 6.150931 1.591614
658 58 Pedestrian 0 0 1.034851 984.004025 156.521135 1012.337359 225.290557 1.742328 0.470443 0.549434 10.015715 1.332271 18.601608 1.521762
659 57 Car 1 0 2.011200 0.000000 206.002584 463.067279 374.000000 1.434089 1.659938 3.667866 -2.323967 1.739319 5.020379 1.596033
659 58 Pedestrian 0 0 1.020894 998.388425 155.720430 1025.912381 226.986848 1.742328 0.470443 0.549434 10.003593 1.327149 17.959312 1.521743
660 57 Car 1 0 2.114038 0.000000 212.216303 432.593055 374.000000 1.434089 1.659938 3.667866 -2.341172 1.736550 3.889827 1.600452
660 58 Pedestrian 0 0 1.006153 1013.796750 154.859486 1039.130084 228.811063 1.742328 0.470443 0.549434 9.991472 1.322026 17.317016 1.521724
661 57 Car 1 0 2.266533 0.000000 221.507618 386.824279 374.000000 1.434089 1.659938 3.667866 -2.358377 1.733781 2.759276 1.604871
661 58 Pedestrian 0 0 0.990566 1028.506558 153.931240 1057.347077 230.778242 1.742328 0.470443 0.549434 9.979350 1.316904 16.674721 1.521705
662 57 Car 1 0 2.543006 0.000000 219.895247 292.513988 374.000000 1.434089 1.659938 3.667866 -2.390652 1.639850 1.475671 1.605127
662 58 Pedestrian 0 0 0.974067 1044.072269 152.927481 1075.072269 232.905874 1.742328 0.470443 0.549434 9.967228 1.311781 16.032425 1.521686
663 58 Pedestrian 0 0 0.952936 1064.103104 151.422625 1097.403730 234.875047 1.742328 0.470443 0.549434 10.010832 1.298338 15.376098 1.520962
664 58 Pedestrian 0 0 0.930608 1085.562504 149.781370 1119.229170 237.023315 1.742328 0.470443 0.549434 10.054436 1.284894 14.719770 1.520239
665 58 Pedestrian 0 0 0.906995 1112.124158 147.984292 1146.456621 239.376274 1.742328 0.470443 0.549434 10.098041 1.271450 14.063442 1.519515
666 58 Pedestrian 0 0 0.882007 1140.436978 146.008094 1173.103644 241.964643 1.742328 0.470443 0.549434 10.141645 1.258006 13.407115 1.518791
667 58 Pedestrian 0 0 0.857235 1165.517424 143.808933 1219.501536 244.859177 1.742328 0.470443 0.549434 10.245353 1.244592 12.744472 1.522849
704 60 Van 0 0 1.615059 659.579560 177.778142 678.610875 197.348093 1.857086 1.671483 4.090909 5.839845 2.356154 71.063189 1.696268
705 60 Van 0 0 1.623399 655.123877 174.263257 674.858888 194.227264 1.857086 1.671483 4.090909 5.334070 2.017612 69.730079 1.699028
706 60 Van 0 0 1.631962 650.490034 170.606820 670.964246 190.981552 1.857086 1.671483 4.090909 4.828295 1.679071 68.396970 1.701787
707 60 Van 0 0 1.639411 646.730672 170.948172 667.909988 191.724440 1.857086 1.671483 4.090909 4.420838 1.713792 67.107661 1.704547
708 60 Van 0 0 1.649855 640.711861 171.364864 662.760060 192.569501 1.857086 1.671483 4.090909 3.825162 1.754010 65.785291 1.707307
709 60 Van 0 0 1.660621 634.439345 171.799256 657.404377 193.450202 1.857086 1.671483 4.090909 3.229487 1.794229 64.462921 1.710066
710 60 Van 0 0 1.671726 627.896735 172.252500 651.830359 194.368848 1.857086 1.671483 4.090909 2.633812 1.834448 63.140551 1.712826
711 60 Van 0 0 1.671601 622.394181 171.073042 646.804702 193.661258 1.857086 1.671483 4.090909 2.129961 1.737937 61.876376 1.705462
712 60 Van 0 0 1.671780 616.653855 169.842795 641.576538 192.922960 1.857086 1.671483 4.090909 1.626110 1.641427 60.612201 1.698098
713 60 Van 0 0 1.657964 611.837357 165.847120 636.633855 189.452491 1.857086 1.671483 4.090909 1.190477 1.330033 59.341234 1.677600
714 60 Van 0 0 1.644443 606.804667 161.672077 631.480517 185.821942 1.857086 1.671483 4.090909 0.754844 1.018639 58.070267 1.657103
715 60 Van 0 0 1.641901 602.530226 156.113826 627.641324 180.842776 1.857086 1.671483 4.090909 0.419122 0.617328 56.779678 1.649043
716 60 Van 0 0 1.639617 598.049283 150.288166 623.630009 175.922085 1.857086 1.671483 4.090909 0.083400 0.216016 55.489090 1.640983
717 60 Van 0 0 1.637607 593.346453 144.175366 619.434772 170.850590 1.857086 1.671483 4.090909 -0.252323 -0.185295 54.198501 1.632923
718 60 Van 0 0 1.652533 588.552686 139.088726 616.047085 166.736592 1.857086 1.671483 4.090909 -0.545724 -0.495914 52.986930 1.642297
719 60 Van 0 0 1.666131 584.760864 137.493987 613.651336 165.893289 1.857086 1.671483 4.090909 -0.753738 -0.548444 51.766277 1.651671
720 60 Van 0 0 1.681786 579.445206 141.856787 609.903264 170.565084 1.857086 1.671483 4.090909 -1.051910 -0.195628 50.549063 1.661046
721 60 Van 0 0 1.673179 576.365937 145.170495 607.095045 174.296353 1.857086 1.671483 4.090909 -1.227127 0.074040 49.317688 1.648340
722 60 Van 0 0 1.664781 573.123297 148.660604 604.147806 178.211947 1.857086 1.671483 4.090909 -1.402344 0.343708 48.086313 1.635634
723 60 Van 0 0 1.656605 569.703708 152.341482 601.051145 182.538111 1.857086 1.671483 4.090909 -1.577560 0.613375 46.854938 1.622929
724 60 Van 0 0 1.659536 571.104416 157.716636 603.340801 188.624999 1.857086 1.671483 4.090909 -1.424296 0.968942 45.811539 1.628343
725 60 Van 0 0 1.662351 572.573601 163.355517 605.732706 195.007305 1.857086 1.671483 4.090909 -1.271031 1.324509 44.768140 1.633757
726 60 Van 0 0 1.660297 577.711744 169.124265 611.544647 201.580815 1.857086 1.671483 4.090909 -0.908119 1.671382 43.689825 1.639172
727 60 Van 0 0 1.656556 586.443331 172.873734 620.847146 206.152515 1.857086 1.671483 4.090909 -0.352815 1.887472 42.643134 1.647797
728 60 Van 0 0 1.647685 599.026443 170.896728 633.655168 205.021077 1.857086 1.671483 4.090909 0.388358 1.778947 41.636802 1.656423
729 60 Van 0 0 1.653571 615.325686 169.581687 651.317452 204.662109 1.857086 1.671483 4.090909 1.333632 1.711443 40.543791 1.685701
730 60 Van 0 0 1.658208 632.563560 168.189039 669.925682 204.281581 1.857086 1.671483 4.090909 2.278906 1.643938 39.450780 1.714979
731 60 Van 0 0 1.656191 654.966312 169.365700 693.302085 206.489688 1.857086 1.671483 4.090909 3.435332 1.709550 38.379633 1.744257
732 60 Van 0 0 1.652581 678.696133 170.615644 717.983741 208.825452 1.857086 1.671483 4.090909 4.591758 1.775161 37.308486 1.773536
733 60 Van 0 0 1.657067 704.537428 170.231754 745.775107 209.828690 1.857086 1.671483 4.090909 5.775202 1.760368 36.031384 1.814171
734 60 Van 0 0 1.659375 732.331674 169.818712 775.561120 210.966577 1.857086 1.671483 4.090909 6.958645 1.745575 34.754282 1.854807
735 60 Van 0 0 1.659427 762.299325 169.373030 807.573014 212.210726 1.857086 1.671483 4.090909 8.142089 1.730782 33.477181 1.895442
736 60 Van 0 0 1.657163 794.695080 168.890646 842.079330 213.557491 1.857086 1.671483 4.090909 9.325533 1.715989 32.200079 1.936077
737 60 Van 0 0 1.658653 827.617476 165.957528 878.159504 213.012610 1.857086 1.671483 4.090909 10.353120 1.607502 30.676571 1.980734
738 60 Van 0 0 1.657080 864.050845 162.695846 917.948348 212.400857 1.857086 1.671483 4.090909 11.380708 1.499015 29.153064 2.025391
739 60 Van 0 0 1.652324 904.569898 159.048406 962.065028 211.710521 1.857086 1.671483 4.090909 12.408296 1.390527 27.629556 2.070048
740 60 Van 0 0 1.656584 945.060848 158.139830 1007.435091 213.755503 1.857086 1.671483 4.090909 13.358995 1.384655 26.262580 2.122233
741 60 Van 0 0 1.658215 990.000810 157.129087 1057.799475 216.033930 1.857086 1.671483 4.090909 14.309694 1.378783 24.895604 2.174418
742 60 Van 0 0 1.657276 1040.135817 155.997593 1114.058224 218.587927 1.857086 1.671483 4.090909 15.260393 1.372910 23.528628 2.226603
743 60 Van 0 0 1.648662 1096.889748 156.184675 1178.050588 223.887379 1.857086 1.671483 4.090909 16.026143 1.414422 21.882529 2.274025
744 60 Van 0 0 1.643450 1153.978006 153.927009 1241.000000 227.133160 1.857086 1.671483 4.090909 16.646667 1.390079 20.359701 2.321447
745 60 Van 1 0 1.604900 1223.669870 152.515371 1241.000000 228.217967 1.857086 1.671483 4.090909 17.240963 1.351000 18.795533 2.339112
