0 0 Car 0 0 -1.779933 602.400132 174.171576 684.834784 236.780777 1.609268 1.664986 3.204451 0.831016 1.670731 20.433112 -1.740733
0 1 Car 0 0 1.884608 347.927326 180.888194 391.619077 208.229858 1.502824 1.498215 3.098828 -13.859642 1.976193 41.678902 1.565133
0 2 Car 0 0 1.734273 423.522417 179.573337 463.232355 206.083055 1.502447 1.674348 4.069765 -10.004502 1.919848 43.449975 1.508902
1 0 Car 0 0 -1.770886 599.393230 174.331620 680.597763 236.681410 1.609268 1.664986 3.204451 0.732622 1.675081 20.510245 -1.736558
1 1 Car 0 0 1.900640 336.815770 180.495593 384.001540 209.459850 1.502824 1.498215 3.098828 -13.606330 1.928482 39.388887 1.569768
1 2 Car 0 0 1.748587 414.691266 180.229482 458.262694 208.696956 1.502447 1.674348 4.069765 -9.731982 1.928370 40.603879 1.514413
2 0 Car 0 0 -1.761873 596.423712 176.100394 676.410658 238.218447 1.609268 1.664986 3.204451 0.634679 1.722179 20.586932 -1.732382
2 1 Car 0 0 1.918163 324.185990 181.242237 375.270969 212.055313 1.502824 1.498215 3.098828 -13.394981 1.945416 37.193721 1.574403
2 2 Car 0 0 1.764172 404.454849 180.968975 452.581271 211.727159 1.502447 1.674348 4.069765 -9.459463 1.936892 37.757782 1.519924
3 0 Car 0 0 -1.752895 593.476577 177.855903 672.254217 239.742570 1.609268 1.664986 3.204451 0.536736 1.769277 20.663618 -1.728207
3 1 Car 0 0 1.936341 310.648845 182.540906 366.099317 215.448398 1.502824 1.498215 3.098828 -13.169013 1.986418 35.046789 1.579038
3 2 Car 0 0 1.780464 391.413519 182.380314 444.897462 215.954465 1.502447 1.674348 4.069765 -9.246863 1.977705 34.940158 1.523176
4 0 Car 0 0 -1.743951 590.551566 179.598290 668.128116 241.253932 1.609268 1.664986 3.204451 0.438793 1.816374 20.740305 -1.724032
4 1 Car 0 0 1.956107 295.263024 184.001677 355.781785 219.305217 1.502824 1.498215 3.098828 -12.943044 2.027421 32.899856 1.583673
4 2 Car 0 0 1.798910 375.930716 184.024332 435.946033 220.973666 1.502447 1.674348 4.069765 -9.034263 2.018518 32.122534 1.526428
5 0 Car 0 0 -1.737596 588.586718 180.171999 665.265522 241.613994 1.609268 1.664986 3.204451 0.371723 1.832356 20.807325 -1.720927
5 1 Car 0 0 1.979381 276.074329 184.248790 342.818514 222.252873 1.502824 1.498215 3.098828 -12.750649 2.004377 30.689887 1.588308
5 2 Car 0 0 1.818947 358.203194 184.020940 426.207884 224.787750 1.502447 1.674348 4.069765 -8.786516 1.974847 29.307385 1.529680
6 0 Car 0 0 -1.731262 586.634547 180.741950 662.421297 241.971416 1.609268 1.664986 3.204451 0.304653 1.848337 20.874345 -1.717822
6 1 Car 0 0 2.005167 253.746444 184.532341 327.942496 225.683110 1.502824 1.498215 3.098828 -12.558254 1.981334 28.479918 1.592943
6 2 Car 0 0 1.850147 332.054283 185.254531 411.353682 231.079698 1.502447 1.674348 4.069765 -8.648719 1.978840 26.410437 1.536160
7 0 Car 0 0 -1.724948 584.694929 181.308177 659.595270 242.326225 1.609268 1.664986 3.204451 0.237583 1.864319 20.941365 -1.714717
7 1 Car 0 1 2.017430 226.792480 186.080018 309.100849 231.148125 1.502824 1.498215 3.098828 -12.397046 2.004723 26.249072 1.579747
7 2 Car 0 0 1.886817 298.864598 186.767934 393.126808 239.067350 1.502447 1.674348 4.069765 -8.510922 1.982832 23.513488 1.542639
8 0 Car 0 0 -1.718654 582.767741 181.815429 656.787271 242.678448 1.609268 1.664986 3.204451 0.170513 1.880300 21.008384 -1.711612
8 1 Car 0 1 2.033599 194.474571 187.896426 286.979901 237.702601 1.502824 1.498215 3.098828 -12.235837 2.028111 24.018225 1.566550
8 2 Car 0 0 1.930919 255.347449 188.668539 370.231937 249.542948 1.502447 1.674348 4.069765 -8.373125 1.986825 20.616541 1.549119
9 0 Car 0 0 -1.712101 580.651724 181.326702 653.767571 241.912910 1.609268 1.664986 3.204451 0.097173 1.866282 21.074876 -1.708507
9 1 Car 0 2 2.057954 151.335425 187.129816 257.770818 242.514731 1.502824 1.498215 3.098828 -12.133871 1.955290 21.718207 1.553353
9 2 Car 0 0 1.989122 194.941947 189.233052 339.817305 261.202818 1.502447 1.674348 4.069765 -8.284945 1.940322 17.781239 1.558333
10 0 Car 0 0 -1.705570 578.549047 180.786186 650.766891 241.152700 1.609268 1.664986 3.204451 0.023833 1.852264 21.141367 -1.705402
10 1 Car 0 2 2.110599 96.344238 187.493342 222.948566 249.896743 1.502824 1.498215 3.098828 -12.060004 1.921390 19.464925 1.561748
10 2 Car 0 0 2.062113 108.118112 189.986466 299.216613 277.969024 1.502447 1.674348 4.069765 -8.196765 1.893819 14.945937 1.567548
11 0 Car 0 0 -1.698698 576.084358 180.177092 647.425779 240.373652 1.609268 1.664986 3.204451 -0.060364 1.836117 21.192124 -1.702442
11 1 Car 0 2 2.171420 25.597759 187.944404 179.735917 259.396155 1.502824 1.498215 3.098828 -11.986137 1.887489 17.211642 1.570143
11 2 Car 0 0 2.155402 0.000000 191.088978 238.438588 304.174329 1.502447 1.674348 4.069765 -8.163218 1.847585 12.087231 1.571292
12 0 Car 0 0 -1.691844 573.631603 179.570940 644.100436 239.598747 1.609268 1.664986 3.204451 -0.144561 1.819969 21.242881 -1.699481
12 1 Car 0 3 2.242529 0.000000 188.518929 124.685976 271.414050 1.502824 1.498215 3.098828 -11.912271 1.853589 14.958360 1.578539
12 2 Car 1 0 2.283013 0.000000 192.751056 146.770647 323.247187 1.502447 1.674348 4.069765 -8.129670 1.801352 9.228525 1.575037
13 0 Car 0 0 -1.685009 571.190691 178.967708 640.790756 238.827952 1.609268 1.664986 3.204451 -0.228758 1.803822 21.293638 -1.696521
13 1 Car 1 0 2.326612 0.000000 189.275620 52.164273 273.209781 1.502824 1.498215 3.098828 -11.838404 1.819688 12.705078 1.586934
14 0 Car 0 0 -1.678193 568.761533 178.367377 637.496635 238.061238 1.609268 1.664986 3.204451 -0.312955 1.787675 21.344396 -1.693561
15 0 Car 0 0 -1.671395 566.344042 177.769927 634.217968 237.298572 1.609268 1.664986 3.204451 -0.397152 1.771527 21.395153 -1.690601
16 0 Car 0 0 -1.668313 564.255701 176.765570 631.688857 236.168169 1.609268 1.664986 3.204451 -0.465800 1.744002 21.433341 -1.690631
17 0 Car 0 0 -1.665242 562.174294 175.765052 629.169419 235.042128 1.609268 1.664986 3.204451 -0.534448 1.716477 21.471529 -1.690660
18 0 Car 0 0 -1.658149 561.005954 176.210462 627.157466 235.371117 1.609268 1.664986 3.204451 -0.581963 1.728951 21.509622 -1.685707
19 0 Car 0 0 -1.651063 559.842677 176.654419 625.151230 235.698619 1.609268 1.664986 3.204451 -0.629478 1.741425 21.547716 -1.680753
20 0 Car 0 0 -1.643985 558.684425 177.096930 623.150699 236.024640 1.609268 1.664986 3.204451 -0.676993 1.753899 21.585809 -1.675800
21 0 Car 0 0 -1.638214 559.279456 177.250631 623.045089 236.063759 1.609268 1.664986 3.204451 -0.670116 1.758328 21.621691 -1.669666
22 0 Car 0 0 -1.632442 559.873366 177.403900 622.938425 236.102535 1.609268 1.664986 3.204451 -0.663240 1.762757 21.657573 -1.663531
23 0 Car 0 0 -1.626669 560.466155 177.556738 622.830723 236.140972 1.609268 1.664986 3.204451 -0.656363 1.767186 21.693455 -1.657397
24 0 Car 0 0 -1.620894 561.057822 177.709145 622.722003 236.179071 1.609268 1.664986 3.204451 -0.649487 1.771614 21.729336 -1.651262
25 0 Car 0 0 -1.618524 562.043502 176.844247 623.340599 235.178527 1.609268 1.664986 3.204451 -0.626059 1.747573 21.771720 -1.647762
26 0 Car 0 0 -1.616149 563.025648 175.982685 623.956385 234.182378 1.609268 1.664986 3.204451 -0.602632 1.723531 21.814104 -1.644262
27 0 Car 0 0 -1.613771 564.004281 175.124442 624.569378 233.190598 1.609268 1.664986 3.204451 -0.579204 1.699489 21.856488 -1.640762
28 0 Car 0 0 -1.611388 564.979421 174.269501 625.179594 232.203159 1.609268 1.664986 3.204451 -0.555777 1.675448 21.898871 -1.637261
29 0 Car 0 0 -1.607442 566.628622 173.874267 626.292183 231.662313 1.609268 1.664986 3.204451 -0.514348 1.664307 21.945924 -1.631394
30 0 Car 0 0 -1.603489 567.968444 173.480670 627.399073 231.124044 1.609268 1.664986 3.204451 -0.472919 1.653166 21.992977 -1.625527
31 0 Car 0 0 -1.600649 570.082270 173.097448 629.383254 230.597149 1.609268 1.664986 3.204451 -0.406426 1.642274 22.040021 -1.619659
32 0 Car 0 0 -1.592273 570.144600 174.690987 629.275954 232.001327 1.609268 1.664986 3.204451 -0.393894 1.687630 22.104905 -1.610690
33 0 Car 0 0 -1.585010 571.088444 176.284497 630.044685 233.404093 1.609268 1.664986 3.204451 -0.356297 1.733234 22.169780 -1.601722
34 0 Car 0 0 -1.577736 572.011307 176.190514 630.788307 233.112237 1.609268 1.664986 3.204451 -0.319209 1.730747 22.235158 -1.592753
35 0 Car 0 0 -1.570453 572.930176 176.097104 631.525233 232.822073 1.609268 1.664986 3.204451 -0.282120 1.728261 22.300536 -1.583784
36 0 Car 0 0 -1.578991 574.194574 175.665107 632.584489 232.208351 1.609268 1.664986 3.204451 -0.261256 1.716212 22.371758 -1.591354
37 0 Car 0 0 -1.587523 575.452807 175.236366 633.634036 231.598224 1.609268 1.664986 3.204451 -0.240393 1.704163 22.442980 -1.598925
38 0 Car 0 0 -1.596049 576.704894 174.810850 634.673945 230.991665 1.609268 1.664986 3.204451 -0.219529 1.692114 22.514202 -1.606495
39 0 Car 0 0 -1.595607 577.154756 175.145566 634.881256 231.089503 1.609268 1.664986 3.204451 -0.208965 1.702109 22.602519 -1.605557
40 0 Car 0 0 -1.595161 577.600843 175.477512 635.086822 231.186511 1.609268 1.664986 3.204451 -0.198401 1.712105 22.690836 -1.604618
41 0 Car 0 0 -1.594711 578.043203 175.806722 635.290663 231.282698 1.609268 1.664986 3.204451 -0.187837 1.722100 22.779153 -1.603679
42 0 Car 0 0 -1.594258 578.481883 176.133229 635.492801 231.378075 1.609268 1.664986 3.204451 -0.177273 1.732095 22.867470 -1.602740
43 0 Car 0 0 -1.593800 578.916928 176.457068 635.693257 231.472651 1.609268 1.664986 3.204451 -0.166709 1.742090 22.955787 -1.601801
44 0 Car 0 0 -1.592363 578.584810 176.876071 635.123124 231.658205 1.609268 1.664986 3.204451 -0.178938 1.755012 23.046583 -1.600863
45 0 Car 0 0 -1.590929 578.255540 177.291581 634.557721 231.842175 1.609268 1.664986 3.204451 -0.191167 1.767933 23.137379 -1.599924
46 0 Car 0 0 -1.589498 577.929084 177.703641 633.996990 232.024583 1.609268 1.664986 3.204451 -0.203395 1.780855 23.228175 -1.598985
47 0 Car 0 0 -1.588842 578.216626 178.116197 634.035797 232.194316 1.609268 1.664986 3.204451 -0.197492 1.793938 23.325008 -1.598046
48 0 Car 0 0 -1.586796 577.381636 177.458501 633.002038 231.337993 1.609268 1.664986 3.204451 -0.224642 1.774588 23.403612 -1.597107
49 0 Car 0 0 -1.585751 577.352462 178.213708 632.760979 231.886874 1.609268 1.664986 3.204451 -0.227778 1.798060 23.487525 -1.596169
50 0 Car 0 0 -1.584707 577.323538 178.963213 632.521714 232.431518 1.609268 1.664986 3.204451 -0.230915 1.821533 23.571438 -1.595230
51 0 Car 0 0 -1.583663 577.294860 179.707081 632.284224 232.971974 1.609268 1.664986 3.204451 -0.234051 1.845006 23.655351 -1.594291
52 0 Car 0 0 -1.581221 576.137520 178.927305 630.958074 232.022834 1.609268 1.664986 3.204451 -0.271124 1.821695 23.724127 -1.593352
53 0 Car 0 0 -1.578788 574.987456 178.152297 629.640013 231.079641 1.609268 1.664986 3.204451 -0.308197 1.798384 23.792904 -1.592413
54 0 Car 0 0 -1.576363 573.844601 177.382015 628.329968 230.142341 1.609268 1.664986 3.204451 -0.345270 1.775073 23.861681 -1.591475
55 0 Car 0 0 -1.573946 572.708887 176.616415 627.027866 229.210878 1.609268 1.664986 3.204451 -0.382343 1.751762 23.930457 -1.590536
56 0 Car 0 0 -1.571747 571.116465 175.725271 625.301926 228.187019 1.609268 1.664986 3.204451 -0.434424 1.724360 23.986001 -1.590432
57 0 Car 0 0 -1.569557 569.531938 174.838525 623.584510 227.168239 1.609268 1.664986 3.204451 -0.486505 1.696959 24.041545 -1.590328
58 0 Car 0 0 -1.568558 568.925217 177.509749 622.825392 229.696961 1.609268 1.664986 3.204451 -0.508800 1.780575 24.105223 -1.590223
59 0 Car 0 0 -1.567851 568.552295 180.677482 622.300596 232.743205 1.609268 1.664986 3.204451 -0.523891 1.880821 24.168971 -1.590119
60 0 Car 0 0 -1.567147 568.181477 183.454098 621.778751 235.772254 1.609268 1.664986 3.204451 -0.538983 1.981067 24.232719 -1.590015
61 0 Car 0 0 -1.565163 566.759008 181.911201 620.203894 233.858179 1.609268 1.664986 3.204451 -0.587297 1.926565 24.297694 -1.589911
62 0 Car 0 0 -1.563508 565.530216 173.751532 618.816907 225.333149 1.609268 1.664986 3.204451 -0.629926 1.663498 24.365459 -1.589807
62 3 Car 0 0 1.660989 527.807037 172.885586 545.025456 186.281394 1.398239 1.512299 3.701596 -7.939579 1.429235 78.012277 1.559644
63 0 Car 0 0 -1.562339 564.756584 172.632091 617.882889 224.055292 1.609268 1.664986 3.204451 -0.658457 1.628104 24.434438 -1.589703
63 3 Car 0 0 1.661213 524.579193 169.732921 542.518814 183.689404 1.398239 1.512299 3.701596 -7.925459 1.109644 74.944205 1.555995
64 0 Car 0 0 -1.561175 563.987617 171.519373 616.954486 222.785146 1.609268 1.664986 3.204451 -0.686989 1.592710 24.503416 -1.589599
64 3 Car 0 0 1.661763 521.132713 173.229048 539.866517 187.800363 1.398239 1.512299 3.701596 -7.904237 1.462393 71.869105 1.552347
65 0 Car 0 0 -1.560978 564.012525 175.321063 616.845850 226.465246 1.609268 1.664986 3.204451 -0.689690 1.713758 24.561327 -1.589495
65 3 Car 0 0 1.661571 518.228045 179.263702 537.797044 194.508946 1.398239 1.512299 3.701596 -7.803262 2.021005 68.793267 1.548698
66 0 Car 0 0 -1.560782 564.037308 179.103681 616.737758 230.126792 1.609268 1.664986 3.204451 -0.692392 1.834805 24.619238 -1.589391
66 3 Car 0 0 1.666229 514.635695 182.137164 535.300213 198.200924 1.398239 1.512299 3.701596 -7.735941 2.256726 65.754685 1.549188
66 4 Car 0 1 1.626279 555.792390 180.276103 572.602209 193.712463 1.460673 1.657886 4.048741 -5.147139 2.307699 81.406680 1.562967
67 0 Car 0 0 -1.559179 562.909909 178.760604 615.501838 229.677014 1.609268 1.664986 3.204451 -0.731291 1.824234 24.667049 -1.589286
67 3 Car 0 0 1.674438 510.456859 181.356584 532.471010 198.174317 1.398239 1.512299 3.701596 -7.683034 2.147851 62.719474 1.552663
67 4 Car 0 1 1.628842 553.902776 179.044943 571.566043 193.101810 1.460673 1.657886 4.048741 -5.083440 2.142107 77.899865 1.563537
68 0 Car 0 0 -1.559813 563.539094 176.802929 615.966852 227.556425 1.609268 1.664986 3.204451 -0.715610 1.761952 24.739147 -1.589182
68 3 Car 0 0 1.683118 505.839956 180.498536 529.362406 198.144910 1.398239 1.512299 3.701596 -7.630127 2.038976 59.684264 1.556137
68 4 Car 0 1 1.631592 551.830089 177.694486 570.434772 192.431980 1.460673 1.657886 4.048741 -5.019741 1.976514 74.393049 1.564106
69 0 Car 0 0 -1.560443 564.164366 174.857384 616.428983 225.449033 1.609268 1.664986 3.204451 -0.699929 1.699670 24.811245 -1.589078
69 3 Car 0 0 1.692347 500.712276 179.489755 525.930880 198.112240 1.398239 1.512299 3.701596 -7.577221 1.930101 56.649054 1.559612
69 4 Car 0 1 1.634556 549.546369 176.206513 569.194672 191.693935 1.460673 1.657886 4.048741 -4.956042 1.810922 70.886234 1.564675
69 26 Cyclist 0 0 1.846606 369.783128 176.414935 389.340564 208.387601 1.716032 0.503808 1.948497 -12.734693 1.921143 39.821032 1.538658
70 0 Car 0 0 -1.561068 564.785762 172.923856 616.888257 223.354716 1.609268 1.664986 3.204451 -0.684248 1.637389 24.883343 -1.588974
70 3 Car 0 0 1.702213 494.984070 178.362621 522.123376 198.075733 1.398239 1.512299 3.701596 -7.524314 1.821226 53.613843 1.563086
70 4 Car 0 1 1.637768 547.017658 174.558890 567.829246 190.876694 1.460673 1.657886 4.048741 -4.892343 1.645329 67.379419 1.565245
70 26 Cyclist 0 0 1.860859 358.084661 175.574493 379.192884 209.167133 1.716032 0.503808 1.948497 -12.710909 1.868788 37.946953 1.539393
71 0 Car 0 0 -1.559038 564.700807 173.760578 616.657545 224.050154 1.609268 1.664986 3.204451 -0.687991 1.664491 24.948367 -1.587032
71 3 Car 0 0 1.716317 488.419012 177.865758 517.921877 198.803657 1.398239 1.512299 3.701596 -7.474368 1.764386 50.581559 1.569992
71 4 Car 0 1 1.637985 544.673201 175.029384 566.614217 192.250973 1.460673 1.657886 4.048741 -4.800775 1.677657 63.951003 1.563025
71 26 Cyclist 0 0 1.876365 345.137518 174.644364 368.018717 210.029913 1.716032 0.503808 1.948497 -12.687126 1.816433 36.072874 1.540127
72 0 Car 0 0 -1.557009 564.616440 174.592779 616.427980 224.741621 1.609268 1.664986 3.204451 -0.691734 1.691594 25.013391 -1.585090
72 3 Car 0 0 1.707475 481.588749 180.085457 512.546526 202.419927 1.398239 1.512299 3.701596 -7.427195 1.884277 47.547986 1.552964
72 4 Car 0 0 1.638476 542.053903 175.554974 565.266027 193.786435 1.460673 1.657886 4.048741 -4.709207 1.709985 60.522587 1.560806
72 26 Cyclist 0 0 1.893416 330.602485 176.085631 355.613890 213.597102 1.716032 0.503808 1.948497 -12.625288 1.877691 34.085110 1.540861
73 0 Car 0 0 -1.554980 564.532657 175.420497 616.199553 225.429152 1.609268 1.664986 3.204451 -0.695478 1.718697 25.078416 -1.583148
73 3 Car 0 0 1.721217 473.540996 181.017432 507.433975 204.981053 1.398239 1.512299 3.701596 -7.357683 1.911690 44.520971 1.557963
73 4 Car 0 0 1.639290 539.108414 176.145938 563.761527 195.513200 1.460673 1.657886 4.048741 -4.617639 1.742313 57.094171 1.558586
73 26 Cyclist 0 0 1.912239 314.211796 177.710850 341.718186 217.619971 1.716032 0.503808 1.948497 -12.563449 1.938949 32.097346 1.541595
74 0 Car 0 0 -1.553740 565.046117 174.458628 616.567046 224.323260 1.609268 1.664986 3.204451 -0.679797 1.687488 25.144292 -1.581206
74 3 Car 0 0 1.736194 464.266586 182.041734 501.606206 207.932819 1.398239 1.512299 3.701596 -7.288170 1.939103 41.493956 1.562962
74 4 Car 0 0 1.640487 535.771744 176.815281 562.071870 197.469397 1.460673 1.657886 4.048741 -4.526071 1.774641 53.665756 1.556367
74 26 Cyclist 0 0 1.933124 295.585858 179.557639 326.045649 222.191790 1.716032 0.503808 1.948497 -12.501610 2.000207 30.109582 1.542329
75 0 Car 0 0 -1.552495 565.575674 175.407237 616.952787 225.132778 1.609268 1.664986 3.204451 -0.663458 1.718686 25.209517 -1.579265
75 3 Car 0 0 1.752686 453.461840 183.219962 494.901926 211.371975 1.398239 1.512299 3.701596 -7.218657 1.966515 38.466941 1.567962
75 4 Car 0 0 1.642145 531.960410 177.579703 560.160646 199.704004 1.460673 1.657886 4.048741 -4.434504 1.806969 50.237341 1.554147
75 26 Cyclist 0 0 1.957602 273.196946 180.568890 307.216826 226.257570 1.716032 0.503808 1.948497 -12.497795 2.020255 28.162545 1.543064
76 0 Car 0 0 -1.553386 565.828880 173.967810 617.078565 223.568366 1.609268 1.664986 3.204451 -0.659783 1.671635 25.268502 -1.579931
76 3 Car 0 0 1.762380 439.208944 183.674055 485.105648 214.471177 1.398239 1.512299 3.701596 -7.222751 1.945464 35.376745 1.561965
76 4 Car 0 0 1.651663 526.353914 177.739128 557.259646 201.591256 1.460673 1.657886 4.048741 -4.398929 1.793907 46.743592 1.557928
76 26 Cyclist 0 0 1.984968 247.356264 181.654695 285.692034 230.950630 1.716032 0.503808 1.948497 -12.493980 2.040302 26.215507 1.543798
77 0 Car 0 0 -1.554275 566.093951 173.853230 617.217777 223.332066 1.609268 1.664986 3.204451 -0.655650 1.667960 25.327033 -1.580597
77 3 Car 0 0 1.774921 422.059277 184.210186 473.538248 218.200703 1.398239 1.512299 3.701596 -7.226846 1.924412 32.286549 1.555968
77 4 Car 0 0 1.662094 519.798480 177.925587 553.910407 203.798127 1.460673 1.657886 4.048741 -4.363354 1.780844 43.249844 1.561708
77 26 Cyclist 0 0 2.015740 217.198884 182.905016 260.847598 236.428272 1.716032 0.503808 1.948497 -12.490165 2.060350 24.268470 1.544532
78 0 Car 0 0 -1.555164 566.407313 178.723233 617.409540 228.091635 1.609268 1.664986 3.204451 -0.649780 1.828749 25.383846 -1.581264
78 3 Car 0 0 1.795942 401.931912 189.455348 460.907010 227.975740 1.398239 1.512299 3.701596 -7.192596 2.102159 29.217270 1.556110
78 4 Car 0 0 1.674058 512.801385 182.933025 550.734332 211.427673 1.460673 1.657886 4.048741 -4.292585 2.033074 39.813456 1.566832
78 26 Cyclist 0 0 2.051083 180.990055 188.855283 231.411401 247.899981 1.716032 0.503808 1.948497 -12.484021 2.224866 22.289871 1.545266
79 0 Car 0 0 -1.556580 567.131917 183.019189 618.006857 232.612761 1.609268 1.664986 3.204451 -0.630439 1.982646 25.443563 -1.581930
79 3 Car 0 0 1.821517 376.721057 195.849369 445.507678 240.221105 1.398239 1.512299 3.701596 -7.158347 2.279905 26.147991 1.556252
79 4 Car 0 0 1.687290 504.407513 188.569947 546.988670 220.581529 1.460673 1.657886 4.048741 -4.221817 2.285305 36.377069 1.571956
79 26 Cyclist 0 0 2.091398 137.377635 195.910481 196.504450 261.719481 1.716032 0.503808 1.948497 -12.477876 2.389383 20.311272 1.546000
80 0 Car 0 0 -1.557992 567.804210 182.776584 618.548822 232.210364 1.609268 1.664986 3.204451 -0.612811 1.974378 25.504975 -1.582597
80 3 Car 0 0 1.855854 344.965750 196.829673 427.184309 247.704445 1.398239 1.512299 3.701596 -7.108896 2.217138 23.112773 1.560050
80 4 Car 0 0 1.700820 493.465352 188.310319 541.750539 223.869193 1.460673 1.657886 4.048741 -4.181240 2.197441 32.919079 1.574840
80 26 Cyclist 0 0 2.138259 83.106894 197.848161 153.874204 271.474347 1.716032 0.503808 1.948497 -12.473003 2.377312 18.310477 1.546735
81 0 Car 0 0 -1.559401 568.470446 182.300374 619.085124 231.543355 1.609268 1.664986 3.204451 -0.595277 1.957263 25.566479 -1.583263
81 3 Car 0 0 1.898456 302.652024 198.081352 403.785023 257.678027 1.398239 1.512299 3.701596 -7.059445 2.154371 20.077556 1.563849
81 4 Car 0 0 1.716785 479.769589 187.993650 535.360700 227.984706 1.460673 1.657886 4.048741 -4.140664 2.109578 29.461089 1.577724
81 26 Cyclist 0 0 2.192505 14.690069 200.233814 101.378044 283.774869 1.716032 0.503808 1.948497 -12.468131 2.365241 16.309682 1.547469
82 0 Car 0 0 -1.560348 568.739556 180.754378 619.274920 229.711496 1.609268 1.664986 3.204451 -0.589514 1.899389 25.604220 -1.583929
82 3 Car 0 0 1.953020 243.463677 199.735187 372.861727 271.632983 1.398239 1.512299 3.701596 -7.009994 2.091605 17.042339 1.567647
82 4 Car 0 0 1.736122 462.131107 187.598819 527.392469 233.285799 1.460673 1.657886 4.048741 -4.100087 2.021714 26.003099 1.580608
82 26 Cyclist 1 0 2.255123 0.000000 199.225146 35.247239 286.444164 1.716032 0.503808 1.948497 -12.470865 2.268383 14.321634 1.547791
83 0 Car 0 0 -1.561294 569.015539 179.812038 619.472356 228.657685 1.609268 1.664986 3.204451 -0.583481 1.867219 25.641692 -1.584596
83 3 Car 0 0 2.018930 155.219352 201.988998 328.844140 292.144150 1.398239 1.512299 3.701596 -6.997708 2.030330 14.061573 1.564132
83 4 Car 0 0 1.752485 438.905897 187.293504 516.416006 240.492119 1.460673 1.657886 4.048741 -4.076339 1.941578 22.595058 1.575325
84 0 Car 0 0 -1.562238 569.282468 178.015189 619.660337 226.782229 1.609268 1.664986 3.204451 -0.577737 1.807555 25.679452 -1.585262
84 3 Car 0 0 2.112723 9.992542 205.278975 264.566934 325.921228 1.398239 1.512299 3.701596 -6.985422 1.969055 11.080807 1.560617
84 4 Car 0 0 1.776157 406.455894 186.890320 501.916423 250.563527 1.460673 1.657886 4.048741 -4.052591 1.861442 19.187016 1.570041
85 0 Car 0 0 -1.563200 569.525811 174.596732 619.866183 223.322387 1.609268 1.664986 3.204451 -0.571658 1.693383 25.697444 -1.585929
85 3 Car 1 0 2.251813 0.000000 210.532923 161.862572 360.370745 1.398239 1.512299 3.701596 -6.973136 1.907781 8.100041 1.557102
85 4 Car 0 0 1.811507 357.922236 186.333200 481.873798 265.632645 1.460673 1.657886 4.048741 -4.028843 1.781306 15.778975 1.564757
86 0 Car 0 0 -1.564161 569.813004 175.602939 620.119097 224.297953 1.609268 1.664986 3.204451 -0.564017 1.727100 25.713890 -1.586595
86 4 Car 0 0 1.864445 281.217839 189.272716 453.649867 294.656697 1.460673 1.657886 4.048741 -4.005491 1.779074 12.492029 1.559473
87 0 Car 0 0 -1.565121 570.101649 176.789462 620.373592 225.454424 1.609268 1.664986 3.204451 -0.556311 1.766902 25.730272 -1.587261
87 4 Car 0 0 1.952883 134.251304 193.926123 408.945917 350.324642 1.460673 1.657886 4.048741 -3.982140 1.776841 9.205084 1.554189
88 0 Car 0 0 -1.566082 570.387087 177.690512 620.624673 226.324833 1.609268 1.664986 3.204451 -0.548706 1.797194 25.746754 -1.587928
88 4 Car 1 0 2.118532 0.000000 202.409177 327.378810 374.000000 1.460673 1.657886 4.048741 -3.958788 1.774608 5.918139 1.548905
89 0 Car 0 0 -1.566580 570.301658 177.471341 620.504686 226.072619 1.609268 1.664986 3.204451 -0.553521 1.789965 25.763425 -1.588594
89 4 Car 1 0 2.454599 0.000000 216.529568 145.638643 374.000000 1.460673 1.657886 4.048741 -3.933415 1.740535 2.774415 1.543621
90 0 Car 0 0 -1.567079 570.216354 177.252482 620.384859 225.820740 1.609268 1.664986 3.204451 -0.558335 1.782736 25.780096 -1.589261
91 0 Car 0 0 -1.567422 569.994041 176.551753 620.151905 225.109085 1.609268 1.664986 3.204451 -0.567119 1.759256 25.785294 -1.589927
92 0 Car 0 0 -1.567766 569.771825 175.851358 619.919050 224.397702 1.609268 1.664986 3.204451 -0.575904 1.735776 25.790492 -1.590593
93 0 Car 0 0 -1.568109 569.549707 175.151297 619.686295 223.686593 1.609268 1.664986 3.204451 -0.584688 1.712296 25.795690 -1.591260
94 0 Car 0 0 -1.566631 568.865880 176.093250 619.078468 224.702866 1.609268 1.664986 3.204451 -0.604506 1.743757 25.759267 -1.590586
95 0 Car 0 0 -1.565150 568.180032 177.038090 618.468766 225.722163 1.609268 1.664986 3.204451 -0.624324 1.775218 25.722845 -1.589913
96 0 Car 0 0 -1.563359 567.239969 176.797410 617.604589 225.553207 1.609268 1.664986 3.204451 -0.652577 1.766954 25.686686 -1.589239
97 0 Car 0 0 -1.561564 566.297135 176.555995 616.737762 225.383749 1.609268 1.664986 3.204451 -0.680830 1.758690 25.650527 -1.588566
98 0 Car 0 0 -1.559729 565.312295 176.391311 615.850805 225.312466 1.609268 1.664986 3.204451 -0.709755 1.752958 25.604034 -1.587892
99 0 Car 0 0 -1.557889 564.305575 174.399911 614.940906 223.410187 1.609268 1.664986 3.204451 -0.739321 1.686516 25.558174 -1.587219
100 0 Car 0 0 -1.556045 563.323394 175.262124 614.057899 224.369198 1.609268 1.664986 3.204451 -0.767884 1.715018 25.511323 -1.586545
101 0 Car 0 0 -1.555064 563.003594 177.994025 613.896026 227.258341 1.609268 1.664986 3.204451 -0.772631 1.805129 25.436929 -1.585872
102 0 Car 0 0 -1.554080 562.659662 178.503764 613.709313 227.920638 1.609268 1.664986 3.204451 -0.778159 1.821404 25.363308 -1.585198
103 0 Car 0 0 -1.553095 562.302122 177.853811 613.509059 227.421364 1.609268 1.664986 3.204451 -0.784091 1.799455 25.290086 -1.584525
103 5 Car 0 0 1.663266 536.000466 180.181997 553.580017 195.633922 1.658249 1.613142 3.456527 -7.208096 2.479610 79.951848 1.573262
104 0 Car 0 0 -1.552109 561.937853 176.740344 613.302661 226.458481 1.609268 1.664986 3.204451 -0.790181 1.762450 25.217021 -1.583851
104 5 Car 0 0 1.667071 533.356086 179.463045 551.795664 195.577116 1.658249 1.613142 3.456527 -7.153962 2.372181 76.736194 1.574047
105 0 Car 0 0 -1.551120 561.573047 175.791304 613.096780 225.661441 1.609268 1.664986 3.204451 -0.796213 1.731044 25.143898 -1.583178
105 5 Car 0 0 1.671138 530.474947 178.679690 549.858769 195.515222 1.658249 1.613142 3.456527 -7.099827 2.264752 73.520540 1.574832
106 0 Car 0 0 -1.551654 562.401656 175.740963 614.091145 225.771342 1.609268 1.664986 3.204451 -0.763159 1.729088 25.068041 -1.582504
106 5 Car 0 0 1.675589 527.432721 178.473608 547.886988 196.121992 1.658249 1.613142 3.456527 -7.024451 2.218464 70.212844 1.575866
107 0 Car 0 0 -1.552195 563.235610 175.690293 615.091994 225.881949 1.609268 1.664986 3.204451 -0.730105 1.727132 24.992184 -1.581831
107 5 Car 0 0 1.680374 524.081922 178.246608 545.725086 196.790326 1.658249 1.613142 3.456527 -6.949075 2.172175 66.905147 1.576899
108 0 Car 0 0 -1.552744 564.074963 175.639292 616.099389 225.993270 1.609268 1.664986 3.204451 -0.697052 1.725177 24.916326 -1.581157
108 5 Car 0 0 1.685545 520.373092 177.995336 543.344174 197.530092 1.658249 1.613142 3.456527 -6.873699 2.125887 63.597450 1.577933
109 0 Car 0 0 -1.553300 564.919766 175.587956 617.113396 226.105310 1.609268 1.664986 3.204451 -0.663998 1.723221 24.840469 -1.580484
109 5 Car 0 0 1.691162 516.245608 177.715678 540.709199 198.353390 1.658249 1.613142 3.456527 -6.798323 2.079599 60.289753 1.578966
110 0 Car 0 0 -1.553864 565.770072 175.536282 618.134079 226.218078 1.609268 1.664986 3.204451 -0.630944 1.721265 24.764612 -1.579810
110 5 Car 0 0 1.697304 511.624341 177.402538 537.777205 199.275215 1.658249 1.613142 3.456527 -6.722948 2.033311 56.982057 1.580000
111 0 Car 0 0 -1.553970 566.054506 176.163676 618.579494 227.001937 1.609268 1.664986 3.204451 -0.616938 1.741098 24.693477 -1.579438
111 5 Car 0 0 1.701617 506.442052 178.360891 534.400998 201.614625 1.658249 1.613142 3.456527 -6.653455 2.081699 53.700978 1.578523
112 0 Car 0 0 -1.554079 566.340694 176.794961 619.027669 227.790619 1.609268 1.664986 3.204451 -0.602932 1.760931 24.622342 -1.579065
112 5 Car 0 0 1.706670 500.561488 179.448316 530.600047 204.269379 1.658249 1.613142 3.456527 -6.583962 2.130086 50.419900 1.577046
112 6 Car 0 0 1.646802 539.763538 177.509435 558.025985 191.592537 1.493113 1.666348 4.375908 -6.716523 2.024634 79.586180 1.562551
113 0 Car 0 0 -1.554190 566.628651 177.430173 619.478630 228.584171 1.609268 1.664986 3.204451 -0.588926 1.780764 24.551207 -1.578692
113 5 Car 0 0 1.712612 493.831317 180.669076 526.288823 207.307845 1.658249 1.613142 3.456527 -6.514469 2.178474 47.138821 1.575569
113 6 Car 0 0 1.650244 537.545437 179.242276 556.697965 193.920379 1.493113 1.666348 4.375908 -6.639536 2.182800 76.451636 1.563549
114 0 Car 0 0 -1.554304 566.918394 178.069347 619.932402 229.382636 1.609268 1.664986 3.204451 -0.574920 1.800598 24.480072 -1.578320
114 5 Car 0 0 1.720239 485.559306 180.837502 520.933788 209.593541 1.658249 1.613142 3.456527 -6.466474 2.153082 43.814988 1.574092
114 6 Car 0 0 1.653596 535.329213 178.436147 555.444738 193.760050 1.493113 1.666348 4.375908 -6.543397 2.075554 73.319999 1.564548
115 0 Car 0 0 -1.554228 567.014872 175.541489 620.217908 227.034307 1.609268 1.664986 3.204451 -0.566477 1.720048 24.398643 -1.577947
115 5 Car 0 0 1.728950 476.190509 179.288761 514.941985 210.390879 1.658249 1.613142 3.456527 -6.419164 2.031712 40.588355 1.572615
115 6 Car 0 0 1.657156 532.908968 177.555773 554.083032 193.584957 1.493113 1.666348 4.375908 -6.447258 1.968308 70.188362 1.565546
116 0 Car 0 0 -1.554154 567.112043 172.995458 620.505463 224.669203 1.609268 1.664986 3.204451 -0.558033 1.639499 24.317213 -1.577574
116 5 Car 0 0 1.739365 465.125411 177.414375 507.961394 211.332653 1.658249 1.613142 3.456527 -6.371855 1.910343 37.361722 1.571138
116 6 Car 0 0 1.660757 530.390754 175.270000 552.724749 192.071771 1.493113 1.666348 4.375908 -6.339067 1.742317 67.058004 1.566544
117 0 Car 0 0 -1.554133 567.358321 173.096868 620.775247 224.793220 1.609268 1.664986 3.204451 -0.549104 1.642689 24.307118 -1.577201
117 5 Car 0 0 1.751745 452.048072 179.963704 499.918718 217.279636 1.658249 1.613142 3.456527 -6.312523 2.004389 34.119262 1.569661
117 6 Car 0 0 1.665303 527.135202 177.323633 550.789045 194.979121 1.493113 1.666348 4.375908 -6.271653 1.907575 63.923375 1.567542
118 0 Car 0 0 -1.554478 567.842397 175.091007 621.424191 226.948979 1.609268 1.664986 3.204451 -0.529236 1.705287 24.237169 -1.576829
118 5 Car 0 0 1.766912 436.062119 182.797186 490.277172 224.550136 1.658249 1.613142 3.456527 -6.253191 2.098436 30.876801 1.568184
118 6 Car 0 0 1.670211 523.531567 179.596952 548.660596 198.197418 1.493113 1.666348 4.375908 -6.204238 2.072833 60.788747 1.568540
119 0 Car 0 0 -1.554828 568.329464 177.097551 622.077171 229.118045 1.609268 1.664986 3.204451 -0.509368 1.767886 24.167221 -1.576456
119 5 Car 0 0 1.787197 414.899120 186.229723 477.515567 233.710566 1.658249 1.613142 3.456527 -6.230214 2.193119 27.612405 1.566707
119 6 Car 0 0 1.674659 519.639498 182.279755 546.375511 202.075637 1.493113 1.666348 4.375908 -6.130729 2.261335 57.665725 1.568781
120 0 Car 0 0 -1.555181 568.819548 179.116616 622.734226 231.300541 1.609268 1.664986 3.204451 -0.489501 1.830484 24.097273 -1.576083
120 5 Car 0 0 1.814166 386.576980 187.019201 460.643564 241.472782 1.658249 1.613142 3.456527 -6.240640 2.161168 24.349210 1.565230
120 6 Car 0 0 1.680750 514.366375 182.888547 542.991548 203.915686 1.493113 1.666348 4.375908 -6.124006 2.268450 54.544480 1.569021
121 0 Car 0 0 -1.555013 568.884166 178.846488 622.952849 231.178794 1.609268 1.664986 3.204451 -0.483284 1.821515 24.033076 -1.575711
121 5 Car 0 0 1.847932 349.917213 182.200339 439.725731 244.765854 1.658249 1.613142 3.456527 -6.241281 1.945366 21.148889 1.563753
121 6 Car 0 0 1.686650 509.050316 177.585600 539.785439 199.721142 1.493113 1.666348 4.375908 -6.075226 1.848021 51.427762 1.569262
122 0 Car 0 0 -1.554845 568.949156 178.574803 623.172729 231.056351 1.609268 1.664986 3.204451 -0.477068 1.812545 23.968879 -1.575338
122 5 Car 0 0 1.892936 298.841291 181.687657 412.054468 256.500362 1.658249 1.613142 3.456527 -6.240227 1.889866 17.946893 1.562276
122 6 Car 0 0 1.695087 501.649671 175.599200 534.937111 199.231160 1.493113 1.666348 4.375908 -6.113383 1.700536 48.308074 1.569502
123 0 Car 0 0 -1.554679 569.014523 178.301548 623.393877 230.933206 1.609268 1.664986 3.204451 -0.470852 1.803576 23.904681 -1.574965
123 5 Car 0 0 1.954386 223.631180 184.741660 374.235602 278.649313 1.658249 1.613142 3.456527 -6.231749 1.920798 14.764089 1.560799
123 6 Car 0 0 1.704629 493.202452 176.337330 529.475994 201.685045 1.493113 1.666348 4.375908 -6.149643 1.732662 45.186509 1.569742
124 0 Car 0 0 -1.554514 569.080269 178.026710 623.616304 230.809352 1.609268 1.664986 3.204451 -0.464636 1.794606 23.840484 -1.574593
124 5 Car 0 0 2.043427 99.868412 189.252604 318.351303 315.121952 1.658249 1.613142 3.456527 -6.223270 1.951731 11.581285 1.559322
124 6 Car 0 0 1.714184 484.971091 177.566529 524.720224 204.931101 1.493113 1.666348 4.375908 -6.091245 1.785229 42.017375 1.570679
125 0 Car 0 0 -1.554350 569.146398 177.750274 623.840020 230.684785 1.609268 1.664986 3.204451 -0.458420 1.785637 23.776287 -1.574220
125 5 Car 0 0 2.180164 0.000000 196.589643 227.395612 374.000000 1.658249 1.613142 3.456527 -6.214792 1.982663 8.398482 1.557845
125 6 Car 0 0 1.725711 474.899407 180.645720 518.781691 210.350916 1.493113 1.666348 4.375908 -6.067057 1.923350 38.917598 1.571615
126 0 Car 0 0 -1.554188 569.212913 177.472227 624.065038 230.559497 1.609268 1.664986 3.204451 -0.452203 1.776667 23.712090 -1.573847
126 6 Car 0 0 1.739011 462.972638 183.901601 511.874222 216.769470 1.493113 1.666348 4.375908 -6.042868 2.061471 35.817821 1.572552
127 0 Car 0 0 -1.554026 569.279817 177.192554 624.291369 230.433482 1.609268 1.664986 3.204451 -0.445987 1.767698 23.647892 -1.573474
127 6 Car 0 0 1.756958 446.642570 185.388080 502.056594 221.846036 1.493113 1.666348 4.375908 -6.095111 2.085390 32.684555 1.573488
128 0 Car 0 0 -1.553866 569.347114 176.911241 624.519023 230.306734 1.609268 1.664986 3.204451 -0.439771 1.758729 23.583695 -1.573102
128 6 Car 0 0 1.778332 426.576641 187.167980 490.300053 228.084646 1.493113 1.666348 4.375908 -6.147353 2.109309 29.551290 1.574425
129 0 Car 0 0 -1.553412 569.175504 176.712301 624.529291 230.283417 1.609268 1.664986 3.204451 -0.440370 1.752270 23.511287 -1.572729
129 6 Car 0 0 1.802613 402.738764 187.591511 477.091199 233.820428 1.493113 1.666348 4.375908 -6.160183 2.064537 26.446042 1.575361
130 0 Car 0 0 -1.552959 569.002766 176.512038 624.539623 230.259946 1.609268 1.664986 3.204451 -0.440970 1.745812 23.438880 -1.572356
130 6 Car 0 0 1.832670 371.911547 188.118049 460.667854 241.239204 1.493113 1.666348 4.375908 -6.173013 2.019765 23.340793 1.576298
131 0 Car 0 0 -1.552505 568.828888 176.310437 624.550021 230.236318 1.609268 1.664986 3.204451 -0.441569 1.739353 23.366472 -1.571984
131 6 Car 0 0 1.870877 330.492976 188.790375 439.694056 251.209071 1.493113 1.666348 4.375908 -6.185843 1.974993 20.235545 1.577234
132 0 Car 0 0 -1.552050 568.653860 176.107486 624.560484 230.212533 1.609268 1.664986 3.204451 -0.442168 1.732895 23.294065 -1.571611
132 6 Car 0 0 1.921765 270.951108 192.413334 411.630737 269.126276 1.493113 1.666348 4.375908 -6.193344 2.002045 17.077330 1.578170
133 0 Car 0 0 -1.551595 568.477670 175.903172 624.571013 230.188588 1.609268 1.664986 3.204451 -0.442767 1.726436 23.221657 -1.571238
133 6 Car 0 0 1.987705 185.146001 197.740783 374.890773 295.766355 1.493113 1.666348 4.375908 -6.199550 2.040836 14.075310 1.579107
134 0 Car 0 0 -1.550852 568.104217 177.027043 624.353505 231.464243 1.609268 1.664986 3.204451 -0.449929 1.759789 23.161456 -1.570866
134 6 Car 0 0 2.081235 41.547356 205.479006 321.505637 340.381204 1.493113 1.666348 4.375908 -6.205756 2.079628 11.073289 1.580043
135 0 Car 0 0 -1.550107 567.728690 178.157234 624.134768 232.747003 1.609268 1.664986 3.204451 -0.457091 1.793141 23.101255 -1.570493
135 6 Car 1 0 2.207918 0.000000 213.749961 234.661627 374.000000 1.493113 1.666348 4.375908 -6.211659 2.061092 8.058500 1.566810
136 0 Car 0 0 -1.549361 567.351070 179.293800 623.914793 234.036928 1.609268 1.664986 3.204451 -0.464253 1.826494 23.041054 -1.570120
136 6 Car 1 0 2.416686 0.000000 228.863562 75.791727 374.000000 1.493113 1.666348 4.375908 -6.217562 2.042556 5.043711 1.553576
137 0 Car 0 0 -1.548749 568.033740 177.831919 624.755781 232.725184 1.609268 1.664986 3.204451 -0.437816 1.782578 22.980697 -1.568407
138 0 Car 0 0 -1.548143 568.720271 176.361572 625.601558 231.406178 1.609268 1.664986 3.204451 -0.411379 1.738663 22.920340 -1.566693
139 0 Car 0 0 -1.547543 569.410696 174.882688 626.452165 230.079850 1.609268 1.664986 3.204451 -0.384942 1.694748 22.859983 -1.564980
140 0 Car 0 0 -1.546949 570.105047 173.395193 627.307644 228.746142 1.609268 1.664986 3.204451 -0.358505 1.650833 22.799626 -1.563267
141 0 Car 0 0 -1.546360 570.803357 171.899013 628.168037 227.404991 1.609268 1.664986 3.204451 -0.332068 1.606917 22.739269 -1.561553
142 0 Car 0 0 -1.546788 572.336277 173.252852 629.849141 228.899182 1.609268 1.664986 3.204451 -0.281642 1.646554 22.684868 -1.559840
143 0 Car 0 0 -1.547225 573.881458 175.058217 631.543923 230.845488 1.609268 1.664986 3.204451 -0.231079 1.699146 22.630330 -1.558127
144 0 Car 0 0 -1.547673 575.421878 175.614058 633.233915 231.541894 1.609268 1.664986 3.204451 -0.180902 1.715125 22.576176 -1.556413
145 0 Car 0 0 -1.548131 576.968150 175.975543 634.930640 232.044420 1.609268 1.664986 3.204451 -0.130787 1.725382 22.522081 -1.554700
146 0 Car 0 0 -1.548600 578.516136 175.728383 636.629609 231.938782 1.609268 1.664986 3.204451 -0.080857 1.717979 22.468172 -1.552986
147 0 Car 0 0 -1.549047 580.055317 175.982776 638.313811 232.328334 1.609268 1.664986 3.204451 -0.031512 1.725093 22.416756 -1.551273
148 0 Car 0 0 -1.549503 581.601982 176.238464 640.006494 232.719745 1.609268 1.664986 3.204451 0.017833 1.732208 22.365340 -1.549560
149 0 Car 0 0 -1.549969 583.156186 176.495457 641.707723 233.113029 1.609268 1.664986 3.204451 0.067178 1.739323 22.313924 -1.547846
150 0 Car 0 0 -1.550446 584.717982 176.753765 643.417562 233.508198 1.609268 1.664986 3.204451 0.116523 1.746437 22.262508 -1.546133
151 0 Car 0 0 -1.550932 586.287423 177.013398 645.136076 233.905267 1.609268 1.664986 3.204451 0.165868 1.753552 22.211092 -1.544420
152 0 Car 0 0 -1.552620 587.613071 176.630769 646.610201 233.662477 1.609268 1.664986 3.204451 0.205495 1.742359 22.160606 -1.544323
153 0 Car 0 0 -1.554316 588.945221 176.246253 648.091602 233.418495 1.609268 1.664986 3.204451 0.245123 1.731165 22.110120 -1.544226
154 0 Car 0 0 -1.556020 590.283922 175.859835 649.580332 233.173313 1.609268 1.664986 3.204451 0.284751 1.719972 22.059634 -1.544129
155 0 Car 0 0 -1.557733 591.629223 175.471503 651.076446 232.926921 1.609268 1.664986 3.204451 0.324378 1.708779 22.009148 -1.544032
156 0 Car 0 0 -1.559453 592.981171 175.081242 652.579999 232.679310 1.609268 1.664986 3.204451 0.364006 1.697585 21.958662 -1.543935
157 0 Car 0 0 -1.561182 594.339817 174.689037 654.091046 232.430471 1.609268 1.664986 3.204451 0.403633 1.686392 21.908176 -1.543838
158 0 Car 0 0 -1.562919 595.705211 174.294873 655.609644 232.180396 1.609268 1.664986 3.204451 0.443261 1.675198 21.857690 -1.543741
159 0 Car 0 0 -1.564605 597.049547 174.631514 657.084447 232.638199 1.609268 1.664986 3.204451 0.481970 1.684542 21.815092 -1.543644
160 0 Car 0 0 -1.566297 598.399539 174.969580 658.565497 233.097930 1.609268 1.664986 3.204451 0.520679 1.693885 21.772494 -1.543547
161 0 Car 0 0 -1.567997 599.755221 175.309080 660.052832 233.559599 1.609268 1.664986 3.204451 0.559388 1.703228 21.729897 -1.543450
162 0 Car 0 0 -1.569703 601.116630 175.650023 661.546494 234.023221 1.609268 1.664986 3.204451 0.598097 1.712572 21.687299 -1.543353
163 0 Car 0 0 -1.570364 601.642785 176.449784 662.238675 234.980019 1.609268 1.664986 3.204451 0.613524 1.734559 21.632868 -1.543256
164 0 Car 0 0 -1.571029 602.171796 177.253909 662.934637 235.942016 1.609268 1.664986 3.204451 0.628952 1.756546 21.578437 -1.543159
165 0 Car 0 0 -1.571697 602.703688 178.062436 663.634411 236.909255 1.609268 1.664986 3.204451 0.644379 1.778533 21.524006 -1.543062
166 0 Car 0 0 -1.572370 603.238483 178.875400 664.338029 237.881778 1.609268 1.664986 3.204451 0.659806 1.800520 21.469574 -1.542965
167 0 Car 0 0 -1.572096 602.622804 178.845028 663.949806 238.073578 1.609268 1.664986 3.204451 0.642896 1.799073 21.395304 -1.543369
168 0 Car 0 0 -1.571819 602.002480 178.814428 663.558662 238.266826 1.609268 1.664986 3.204451 0.625986 1.797627 21.321034 -1.543773
169 0 Car 0 0 -1.571536 601.377459 178.783598 663.164565 238.461541 1.609268 1.664986 3.204451 0.609076 1.796180 21.246763 -1.544177
170 0 Car 0 0 -1.572374 601.636551 178.708813 663.659083 238.614055 1.609268 1.664986 3.204451 0.616327 1.793548 21.172500 -1.544581
171 0 Car 0 0 -1.573402 602.049742 179.034228 664.310633 239.168635 1.609268 1.664986 3.204451 0.627698 1.801742 21.098017 -1.544985
172 0 Car 0 0 -1.574435 602.466115 179.362128 664.967158 239.727483 1.609268 1.664986 3.204451 0.639070 1.809935 21.023534 -1.545389
173 0 Car 0 0 -1.575471 602.885708 179.692542 665.628715 240.290649 1.609268 1.664986 3.204451 0.650442 1.818129 20.949051 -1.545793
174 0 Car 0 0 -1.576513 603.308559 180.025500 666.295363 240.858181 1.609268 1.664986 3.204451 0.661814 1.826323 20.874569 -1.546197
175 0 Car 0 0 -1.576622 602.940934 179.180766 666.258246 240.335391 1.609268 1.664986 3.204451 0.652264 1.802882 20.773662 -1.546601
176 0 Car 0 0 -1.576728 602.569420 178.327123 666.220730 239.807056 1.609268 1.664986 3.204451 0.642714 1.779441 20.672756 -1.547005
177 0 Car 0 0 -1.576831 602.193952 177.464426 666.182811 239.273086 1.609268 1.664986 3.204451 0.633163 1.756001 20.571849 -1.547409
178 0 Car 0 0 -1.576931 601.814469 176.592532 666.144482 238.733391 1.609268 1.664986 3.204451 0.623613 1.732560 20.470943 -1.547813
179 0 Car 0 0 -1.576521 601.056665 176.428481 665.683999 238.859527 1.609268 1.664986 3.204451 0.604150 1.727842 20.383501 -1.548217
180 0 Car 0 0 -1.576103 600.291763 176.262900 665.219216 238.986845 1.609268 1.664986 3.204451 0.584687 1.723123 20.296059 -1.548621
181 0 Car 0 0 -1.575679 599.519663 176.095770 664.750070 239.115362 1.609268 1.664986 3.204451 0.565224 1.718405 20.208618 -1.549025
182 0 Car 0 0 -1.575871 599.575728 174.415334 665.076140 237.696722 1.609268 1.664986 3.204451 0.567824 1.674901 20.132034 -1.548967
183 0 Car 0 0 -1.576066 599.632257 172.720944 665.404920 236.266328 1.609268 1.664986 3.204451 0.570423 1.631397 20.055451 -1.548909
184 0 Car 0 0 -1.576262 599.689256 171.012424 665.736444 234.824033 1.609268 1.664986 3.204451 0.573023 1.587892 19.978867 -1.548850
185 0 Car 0 0 -1.574973 598.571168 170.921803 664.915206 235.022747 1.609268 1.664986 3.204451 0.545843 1.585806 19.895815 -1.548792
186 0 Car 0 0 -1.573673 597.442908 170.830356 664.086466 235.223269 1.609268 1.664986 3.204451 0.518663 1.583720 19.812762 -1.548734
187 0 Car 0 0 -1.573518 597.301002 171.240198 664.089905 235.773065 1.609268 1.664986 3.204451 0.515840 1.594153 19.773057 -1.548676
188 0 Car 0 0 -1.573363 597.158477 171.651837 664.093359 236.325263 1.609268 1.664986 3.204451 0.513016 1.604586 19.733351 -1.548618
189 0 Car 0 0 -1.573208 597.015328 172.065285 664.096828 236.879878 1.609268 1.664986 3.204451 0.510193 1.615019 19.693646 -1.548560
190 0 Car 0 0 -1.573052 596.871552 172.480554 664.100312 237.436928 1.609268 1.664986 3.204451 0.507370 1.625453 19.653941 -1.548502
191 0 Car 0 0 -1.573110 596.927209 172.883086 664.240011 237.919716 1.609268 1.664986 3.204451 0.509250 1.635523 19.631472 -1.548444
192 0 Car 0 0 -1.573169 596.983005 173.286625 664.380060 238.403704 1.609268 1.664986 3.204451 0.511130 1.645593 19.609002 -1.548386
193 0 Car 0 0 -1.573228 597.038940 173.691175 664.520459 238.888897 1.609268 1.664986 3.204451 0.513009 1.655663 19.586533 -1.548328
193 8 Tram 0 0 1.539046 700.831260 150.534610 723.861837 184.049677 3.629001 2.172668 14.864146 12.102421 1.279121 86.062417 1.678039
194 0 Car 0 0 -1.572934 596.844770 174.099086 664.341712 239.311608 1.609268 1.664986 3.204451 0.508325 1.665823 19.582275 -1.548269
194 8 Tram 0 0 1.536167 701.489904 149.625690 725.742964 184.454050 3.629001 2.172668 14.864146 11.819819 1.275683 83.096440 1.676721
195 0 Car 0 0 -1.572640 596.650509 174.507194 664.162878 239.734517 1.609268 1.664986 3.204451 0.503641 1.675983 19.578018 -1.548211
195 8 Tram 0 0 1.533174 702.193134 148.642589 727.777685 184.891374 3.629001 2.172668 14.864146 11.537216 1.272245 80.130464 1.675403
196 0 Car 0 0 -1.572346 596.456158 174.915496 663.983959 240.157623 1.609268 1.664986 3.204451 0.498957 1.686143 19.573760 -1.548153
196 8 Tram 0 0 1.530053 702.945635 147.575838 729.985616 185.365846 3.629001 2.172668 14.864146 11.254613 1.268807 77.164488 1.674085
197 0 Car 0 0 -1.572052 596.261716 175.323994 663.804954 240.580927 1.609268 1.664986 3.204451 0.494273 1.696303 19.569502 -1.548095
197 8 Tram 0 0 1.526790 703.752771 146.414285 732.389860 185.882411 3.629001 2.172668 14.864146 10.972010 1.265368 74.198512 1.672768
198 0 Car 0 0 -1.572424 596.622745 175.167608 664.113552 240.372943 1.609268 1.664986 3.204451 0.503119 1.692453 19.583745 -1.548037
198 8 Tram 0 0 1.523367 704.620714 145.144706 735.017819 186.446929 3.629001 2.172668 14.864146 10.689408 1.261930 71.232536 1.671450
199 0 Car 0 0 -1.572795 596.983202 175.011468 664.421663 240.165290 1.609268 1.664986 3.204451 0.511964 1.688604 19.597988 -1.547979
199 8 Tram 0 0 1.519763 705.556604 143.751295 737.902243 187.066403 3.629001 2.172668 14.864146 10.406805 1.258492 68.266560 1.670132
200 0 Car 0 0 -1.573165 597.343087 174.855574 664.729287 239.957965 1.609268 1.664986 3.204451 0.520809 1.684754 19.612231 -1.547921
200 8 Tram 0 0 1.515954 706.568742 142.215007 741.082607 187.749268 3.629001 2.172668 14.864146 10.124202 1.255054 65.300584 1.668815
201 0 Car 0 0 -1.573535 597.702404 174.699925 665.036426 239.750969 1.609268 1.664986 3.204451 0.529655 1.680905 19.626474 -1.547863
201 8 Tram 0 0 1.511912 707.666839 140.512677 744.606921 188.505778 3.629001 2.172668 14.864146 9.841599 1.251616 62.334608 1.667497
201 27 Pedestrian 0 0 1.904654 424.777695 174.176382 439.120825 203.123004 1.599599 0.511423 0.868737 -9.999513 1.680090 40.419098 1.663297
202 0 Car 0 0 -1.572136 597.567479 174.778622 664.803021 239.731359 1.609268 1.664986 3.204451 0.527832 1.682927 19.652832 -1.546591
202 8 Tram 0 0 1.504801 708.964034 139.541325 749.159277 190.275951 3.629001 2.172668 14.864146 9.585391 1.315121 59.363712 1.663811
202 27 Pedestrian 0 0 1.912446 418.884749 175.056337 430.551416 205.140308 1.599599 0.511423 0.868737 -10.061839 1.724241 38.906048 1.660654
203 0 Car 0 0 -1.570739 597.433021 174.857098 664.570211 239.711800 1.609268 1.664986 3.204451 0.526009 1.684949 19.679190 -1.545319
203 8 Tram 0 0 1.497337 710.382065 138.452172 754.264187 192.260828 3.629001 2.172668 14.864146 9.329183 1.378626 56.392815 1.660124
203 27 Pedestrian 0 0 1.921014 409.968806 176.008316 422.264246 207.322748 1.599599 0.511423 0.868737 -10.124165 1.768392 37.392999 1.658010
204 0 Car 0 0 -1.569341 597.299028 174.935357 664.337995 239.692292 1.609268 1.664986 3.204451 0.524187 1.686972 19.705548 -1.544048
204 8 Tram 0 0 1.489460 711.938620 137.222393 760.028787 194.501985 3.629001 2.172668 14.864146 9.072975 1.442130 53.421919 1.656438
204 27 Pedestrian 0 0 1.930443 400.047930 177.041540 412.381263 209.691466 1.599599 0.511423 0.868737 -10.186492 1.812543 35.879949 1.655367
205 0 Car 0 0 -1.567944 597.165498 175.013397 664.106371 239.672833 1.609268 1.664986 3.204451 0.522364 1.688994 19.731906 -1.542776
205 8 Tram 0 0 1.481099 713.655013 135.822864 766.589824 197.052471 3.629001 2.172668 14.864146 8.816767 1.505635 50.451023 1.652752
205 27 Pedestrian 0 0 1.940834 389.996890 178.166872 402.010925 212.271373 1.599599 0.511423 0.868737 -10.248818 1.856694 34.366900 1.652724
206 0 Car 0 0 -1.566547 597.032429 175.091221 663.875336 239.653425 1.609268 1.664986 3.204451 0.520542 1.691016 19.758263 -1.541504
206 8 Tram 0 0 1.471156 716.178738 132.790271 775.045672 198.633608 3.629001 2.172668 14.864146 8.601337 1.492545 47.435361 1.649066
206 11 Tram 0 0 1.507665 710.312016 145.339455 746.932806 193.726063 3.652344 2.284820 10.132651 9.713305 1.624386 59.883180 1.667335
206 27 Pedestrian 0 0 1.952300 378.862600 179.397204 389.862601 215.092032 1.599599 0.511423 0.868737 -10.311144 1.900845 32.853850 1.650081
207 0 Car 0 0 -1.565150 596.899819 175.168829 663.644887 239.634066 1.609268 1.664986 3.204451 0.518719 1.693039 19.784621 -1.540232
207 8 Tram 0 0 1.460387 718.995934 129.263351 784.881059 200.472310 3.629001 2.172668 14.864146 8.385906 1.479454 44.419698 1.645380
207 11 Tram 0 0 1.496665 711.546318 143.618955 751.587810 194.810845 3.652344 2.284820 10.132651 9.437488 1.615703 56.877913 1.659889
207 27 Pedestrian 0 0 1.966092 365.333297 179.427758 378.529534 216.922022 1.599599 0.511423 0.868737 -10.398807 1.888050 31.297523 1.647438
208 0 Car 0 0 -1.563754 596.767667 175.246222 663.415024 239.614757 1.609268 1.664986 3.204451 0.516897 1.695061 19.810979 -1.538961
208 8 Tram 0 0 1.448615 722.160913 125.110509 796.463638 202.637092 3.629001 2.172668 14.864146 8.170476 1.466363 41.404036 1.641694
208 11 Tram 0 0 1.485274 712.907415 141.687003 756.814574 196.029340 3.652344 2.284820 10.132651 9.161671 1.607019 53.872646 1.652444
208 27 Pedestrian 0 0 1.981382 350.181696 179.461557 364.848362 218.946314 1.599599 0.511423 0.868737 -10.486470 1.875256 29.741196 1.644795
209 0 Car 0 0 -1.560812 595.452592 175.343842 661.899205 239.521073 1.609268 1.664986 3.204451 0.484560 1.697693 19.864326 -1.537689
209 8 Tram 0 0 1.435615 725.742272 120.148892 810.304440 205.223133 3.629001 2.172668 14.864146 7.955045 1.453272 38.388374 1.638007
209 11 Tram 0 0 1.473427 714.415785 139.502058 762.725485 197.407890 3.652344 2.284820 10.132651 8.885854 1.598335 50.867380 1.644998
209 27 Pedestrian 0 0 1.998374 336.614132 179.499145 351.999153 221.197587 1.599599 0.511423 0.868737 -10.574133 1.862461 28.184869 1.642152
210 0 Car 0 0 -1.557878 594.145376 175.440904 660.392007 239.427937 1.609268 1.664986 3.204451 0.452224 1.700325 19.917672 -1.536417
210 8 Tram 0 0 1.415604 729.692359 114.410370 828.720780 208.645965 3.629001 2.172668 14.864146 7.767395 1.451317 35.376807 1.629557
210 11 Tram 0 0 1.461038 716.096566 137.010932 769.464465 198.980246 3.652344 2.284820 10.132651 8.610037 1.589652 47.862113 1.637553
210 27 Pedestrian 0 0 2.016636 320.883455 179.881199 335.883454 224.059229 1.599599 0.511423 0.868737 -10.640343 1.862009 26.626883 1.639508
211 0 Car 0 0 -1.554953 592.845951 175.537415 658.893357 239.335343 1.609268 1.664986 3.204451 0.419888 1.702957 19.971019 -1.535146
211 8 Tram 0 0 1.393535 734.242517 107.289298 851.579379 212.896321 3.629001 2.172668 14.864146 7.579745 1.449363 32.365240 1.621107
211 11 Tram 0 0 1.448001 717.980950 134.144410 777.218853 200.790361 3.652344 2.284820 10.132651 8.334220 1.580968 44.856846 1.630107
211 27 Pedestrian 0 0 2.037061 298.018070 180.298015 314.998684 227.282701 1.599599 0.511423 0.868737 -10.706552 1.861557 25.068898 1.636865
212 0 Car 0 0 -1.553743 591.438103 175.510805 657.280966 239.118594 1.609268 1.664986 3.204451 0.381410 1.702493 20.026612 -1.535883
212 8 Tram 0 0 1.368813 739.540374 98.217534 880.708746 218.315513 3.629001 2.172668 14.864146 7.392095 1.447408 29.353674 1.612656
212 11 Tram 0 0 1.434181 720.108128 130.810710 786.237130 202.896568 3.652344 2.284820 10.132651 8.058403 1.572285 41.851580 1.622662
212 12 Tram 0 0 1.494718 711.027729 139.578358 757.113579 196.193743 3.655330 2.276057 12.782228 8.948673 1.568457 53.270567 1.659874
212 27 Pedestrian 0 0 2.059973 271.260199 180.769040 288.926866 230.941259 1.599599 0.511423 0.868737 -10.772762 1.861105 23.510912 1.634222
213 0 Car 0 0 -1.552543 590.038622 175.484357 655.678370 238.903129 1.609268 1.664986 3.204451 0.342931 1.702030 20.082206 -1.536621
213 8 Tram 0 0 1.337315 747.694960 85.390414 922.960879 224.936198 3.629001 2.172668 14.864146 7.284933 1.428217 26.294850 1.604206
213 11 Tram 0 0 1.419401 722.528034 126.885474 796.856062 205.377984 3.652344 2.284820 10.132651 7.782586 1.563601 38.846313 1.615217
213 12 Tram 0 0 1.482046 711.851694 137.305473 763.234987 197.850563 3.655330 2.276057 12.782228 8.641565 1.571166 50.226337 1.651064
213 27 Pedestrian 0 0 2.085759 244.806152 181.305585 265.204810 235.129365 1.599599 0.511423 0.868737 -10.838972 1.860653 21.952927 1.631579
214 0 Car 0 0 -1.551355 588.647436 175.458070 654.085481 238.688936 1.609268 1.664986 3.204451 0.304453 1.701566 20.137800 -1.537359
214 8 Tram 0 0 1.300234 757.480314 67.617735 981.540031 234.122328 3.629001 2.172668 14.864146 7.177770 1.409027 23.236026 1.595755
214 11 Tram 0 0 1.404566 727.360270 122.070766 811.566929 208.383565 3.652344 2.284820 10.132651 7.595219 1.553730 35.783277 1.611577
214 12 Tram 0 0 1.468885 712.770887 134.694289 770.267075 199.755014 3.655330 2.276057 12.782228 8.334457 1.573874 47.182106 1.642255
214 13 Tram 0 0 1.524101 706.135676 146.051832 742.823054 194.384844 3.638390 2.322269 14.728340 9.651665 1.691197 62.023848 1.677391
214 27 Pedestrian 0 0 2.114877 213.252753 181.922342 234.586087 239.970963 1.599599 0.511423 0.868737 -10.905182 1.860201 20.394942 1.628936
215 0 Car 0 0 -1.550429 587.493219 175.425147 652.673129 238.412655 1.609268 1.664986 3.204451 0.271372 1.700987 20.210117 -1.538096
215 8 Tram 0 0 1.255331 769.439309 41.356151 1068.178637 247.723299 3.629001 2.172668 14.864146 7.070608 1.389836 20.177202 1.587305
215 11 Tram 0 0 1.387721 732.975589 116.190886 829.536452 212.054774 3.652344 2.284820 10.132651 7.407852 1.543860 32.720240 1.607938
215 12 Tram 0 0 1.455136 713.802608 131.663176 778.429727 201.967078 3.655330 2.276057 12.782228 8.027349 1.576582 44.137876 1.633445
215 13 Tram 0 0 1.515206 706.257057 144.266136 746.578562 195.477218 3.638390 2.322269 14.728340 9.302116 1.678135 58.951970 1.670566
215 27 Pedestrian 0 0 2.145952 175.859879 182.206273 206.123229 245.034245 1.599599 0.511423 0.868737 -10.962403 1.848746 18.879624 1.625689
216 0 Car 0 0 -1.549516 586.347856 175.392482 651.271795 238.138487 1.609268 1.664986 3.204451 0.238292 1.700408 20.282435 -1.538834
216 8 Tram 0 0 1.199047 784.385782 0.000000 1209.391318 269.928378 3.629001 2.172668 14.864146 6.963445 1.370646 17.118378 1.578854
216 11 Tram 0 0 1.368278 739.581037 108.848388 851.982413 216.640261 3.652344 2.284820 10.132651 7.220485 1.533989 29.657204 1.604299
216 12 Tram 0 0 1.440671 714.968599 128.101945 788.019842 204.567812 3.655330 2.276057 12.782228 7.720240 1.579291 41.093645 1.624635
216 13 Tram 0 0 1.506087 706.390970 142.254621 750.808643 196.707978 3.638390 2.322269 14.728340 8.952568 1.665072 55.880092 1.663742
216 27 Pedestrian 0 0 2.181379 130.602906 182.540619 167.269571 251.021940 1.599599 0.511423 0.868737 -11.019832 1.837289 17.360302 1.622443
217 0 Car 0 0 -1.548614 585.211244 175.360071 649.881350 237.866408 1.609268 1.664986 3.204451 0.205211 1.699829 20.354753 -1.539572
217 8 Tram 1 0 1.119793 806.960152 0.000000 1241.000000 312.497784 3.629001 2.172668 14.864146 6.922918 1.367267 13.959173 1.571279
217 11 Tram 0 0 1.338493 749.396206 99.107846 885.366820 222.834709 3.652344 2.284820 10.132651 7.112578 1.525664 26.486077 1.597516
217 12 Tram 0 0 1.422430 718.312864 123.376395 802.472560 207.460212 3.655330 2.276057 12.782228 7.520185 1.567884 37.947027 1.616133
217 13 Tram 0 0 1.496704 706.539363 139.971552 755.609454 198.105196 3.638390 2.322269 14.728340 8.603020 1.652010 52.808213 1.656918
217 27 Pedestrian 0 0 2.221525 83.905970 182.932517 119.760345 258.145941 1.599599 0.511423 0.868737 -11.076846 1.825836 15.848987 1.619196
218 0 Car 0 0 -1.548010 584.347945 175.321758 648.689389 237.515165 1.609268 1.664986 3.204451 0.178257 1.699167 20.449834 -1.540309
218 8 Tram 1 0 1.009126 837.371177 0.000000 1241.000000 315.807296 3.629001 2.172668 14.864146 6.882390 1.363889 10.799968 1.563703
218 11 Tram 0 0 1.302929 761.406946 85.993923 930.335517 231.184159 3.652344 2.284820 10.132651 7.004670 1.517339 23.314950 1.590732
218 12 Tram 0 0 1.402491 722.170558 117.607515 820.118703 210.994226 3.655330 2.276057 12.782228 7.320130 1.556478 34.800408 1.607631
218 13 Tram 0 0 1.487010 706.704604 137.357952 761.105022 199.705088 3.638390 2.322269 14.728340 8.253471 1.638948 49.736335 1.650094
218 27 Pedestrian 0 0 2.267535 25.394586 183.407297 55.061254 266.844920 1.599599 0.511423 0.868737 -11.134068 1.814381 14.333669 1.615949
219 0 Car 0 0 -1.547419 583.493252 175.283833 647.509462 237.167415 1.609268 1.664986 3.204451 0.151303 1.698506 20.544915 -1.541047
219 8 Tram 1 0 0.845196 880.554533 0.000000 1241.000000 320.298021 3.629001 2.172668 14.864146 6.841863 1.360510 7.640764 1.556128
219 11 Tram 0 0 1.259166 776.442156 67.387126 994.185282 243.049938 3.652344 2.284820 10.132651 6.896763 1.509015 20.143822 1.583948
219 12 Tram 0 0 1.380743 728.258642 110.651492 843.809959 215.776534 3.655330 2.276057 12.782228 7.183826 1.556197 31.624815 1.601592
219 13 Tram 0 0 1.474386 708.541118 134.309148 769.714785 201.504170 3.638390 2.322269 14.728340 8.029746 1.623654 46.678434 1.643269
219 14 Tram 0 0 1.533114 706.034601 145.821277 740.374077 194.421492 3.613518 2.320742 10.040438 9.136668 1.652073 59.022692 1.685573
220 0 Car 0 0 -1.546840 582.647037 175.246289 646.341387 236.823107 1.609268 1.664986 3.204451 0.124348 1.697844 20.639996 -1.541785
220 8 Tram 1 0 0.582792 950.846355 0.000000 1241.000000 326.121735 3.629001 2.172668 14.864146 6.882984 1.379151 4.481397 1.546636
220 11 Tram 0 0 1.200313 797.736368 38.490391 1095.566223 260.826730 3.652344 2.284820 10.132651 6.847698 1.493681 16.971980 1.577165
220 12 Tram 0 0 1.355674 735.457903 101.698310 874.314012 221.936833 3.655330 2.276057 12.782228 7.047522 1.555916 28.449222 1.595553
220 13 Tram 0 0 1.460970 710.598879 130.746956 779.775024 203.606859 3.638390 2.322269 14.728340 7.806022 1.608360 43.620532 1.636445
220 14 Tram 0 0 1.520265 707.186113 144.011797 745.146488 195.530482 3.613518 2.320742 10.040438 8.871831 1.639319 55.963016 1.676296
221 0 Car 0 0 -1.546272 581.809176 175.209121 645.184987 236.482190 1.609268 1.664986 3.204451 0.097394 1.697183 20.735077 -1.542522
221 8 Tram 1 0 0.195386 1072.165977 0.000000 1241.000000 332.896855 3.629001 2.172668 14.864146 6.924106 1.397792 1.322029 1.537145
221 11 Tram 0 0 1.121708 826.196533 0.000000 1241.000000 291.541729 3.652344 2.284820 10.132651 6.798633 1.478347 13.800137 1.570381
221 12 Tram 0 0 1.326123 744.102811 89.743631 915.063787 230.170926 3.655330 2.276057 12.782228 6.911218 1.555635 25.273629 1.589515
221 13 Tram 0 0 1.446585 712.920294 126.529765 791.686236 206.097086 3.638390 2.322269 14.728340 7.582297 1.593066 40.562630 1.629621
221 14 Tram 0 0 1.507009 708.460646 141.971621 750.526673 196.781358 3.613518 2.320742 10.040438 8.606993 1.626565 52.903340 1.667019
222 0 Car 0 0 -1.546305 581.918957 175.622711 644.927429 236.540605 1.609268 1.664986 3.204451 0.095832 1.708578 20.846680 -1.542655
222 11 Tram 1 0 1.010885 866.170132 0.000000 1241.000000 331.533578 3.652344 2.284820 10.132651 6.749567 1.463013 10.628294 1.563598
222 12 Tram 0 0 1.287824 756.257731 72.991371 974.988589 241.639501 3.655330 2.276057 12.782228 6.839639 1.554238 22.108821 1.583476
222 13 Tram 0 0 1.431003 715.559335 121.458613 806.011330 209.092856 3.638390 2.322269 14.728340 7.358572 1.577772 37.504729 1.622797
222 14 Tram 0 0 1.493274 709.878858 139.653618 756.638847 198.203206 3.613518 2.320742 10.040438 8.342156 1.613811 49.843665 1.657742
222 15 Tram 0 0 1.516777 703.368890 145.429141 740.652463 193.503954 3.626936 2.341227 12.830890 9.334033 1.619465 61.211034 1.667031
223 0 Car 0 0 -1.546338 582.027478 176.031526 644.672846 236.598347 1.609268 1.664986 3.204451 0.094270 1.719973 20.958283 -1.542787
223 11 Tram 1 0 0.837357 929.905337 0.000000 1241.000000 334.163208 3.652344 2.284820 10.132651 6.764218 1.453419 7.444052 1.554932
223 12 Tram 0 0 1.239878 771.452172 47.833669 1065.070405 258.898187 3.655330 2.276057 12.782228 6.768060 1.552841 18.944013 1.577437
223 13 Tram 0 0 1.412190 720.273408 115.682449 825.899053 213.232436 3.638390 2.322269 14.728340 7.225574 1.579565 34.438382 1.616792
223 14 Tram 0 0 1.478967 711.466297 136.996876 763.643565 199.833648 3.613518 2.320742 10.040438 8.077318 1.601057 46.783989 1.648465
223 15 Tram 0 0 1.508641 703.435963 143.900021 744.056106 194.803313 3.626936 2.341227 12.830890 8.984223 1.625926 58.164598 1.660763
224 0 Car 0 0 -1.546372 582.134759 176.435649 644.421187 236.655429 1.609268 1.664986 3.204451 0.092708 1.731367 21.069886 -1.542919
224 11 Tram 1 0 0.567490 1037.275245 0.000000 1241.000000 338.856495 3.652344 2.284820 10.132651 6.778870 1.443824 4.259809 1.546265
224 12 Tram 0 0 1.177440 790.988567 5.825608 1215.731042 287.812351 3.655330 2.276057 12.782228 6.696480 1.551444 15.779206 1.571398
224 13 Tram 0 0 1.390985 725.734761 108.433924 850.863471 218.429729 3.638390 2.322269 14.728340 7.092577 1.581358 31.372036 1.610788
224 14 Tram 0 0 1.463971 713.254932 133.921278 771.752064 201.722214 3.613518 2.320742 10.040438 7.812481 1.588303 43.724313 1.639188
224 15 Tram 0 0 1.500302 703.510332 142.179894 747.884626 196.265312 3.626936 2.341227 12.830890 8.634412 1.632387 55.118163 1.654496
225 0 Car 0 0 -1.546408 582.240821 176.835160 644.172402 236.711862 1.609268 1.664986 3.204451 0.091147 1.742762 21.181490 -1.543052
225 12 Tram 0 0 1.094565 816.586528 0.000000 1241.000000 340.304679 3.655330 2.276057 12.782228 6.659773 1.544556 12.771702 1.565089
225 13 Tram 0 0 1.366658 732.136175 99.067796 883.133372 225.149463 3.638390 2.322269 14.728340 6.959580 1.583152 28.305689 1.604783
225 14 Tram 0 0 1.448135 715.285310 130.319275 781.247980 203.935465 3.613518 2.320742 10.040438 7.547643 1.575549 40.664638 1.629911
225 15 Tram 0 0 1.491723 703.593157 140.230576 752.223003 197.922519 3.626936 2.341227 12.830890 8.284602 1.638848 52.071728 1.648228
226 0 Car 0 0 -1.545691 581.746674 177.239136 643.335689 236.786458 1.609268 1.664986 3.204451 0.073327 1.754383 21.289842 -1.543184
226 12 Tram 1 0 0.977388 851.728303 0.000000 1241.000000 343.980941 3.655330 2.276057 12.782228 6.623066 1.537668 9.764199 1.558780
226 13 Tram 0 0 1.338156 739.742970 86.497297 926.465902 234.175331 3.638390 2.322269 14.728340 6.826583 1.584945 25.239343 1.598779
226 14 Tram 0 0 1.431260 717.609638 126.043053 792.521266 206.565000 3.613518 2.320742 10.040438 7.282806 1.562795 37.604963 1.620635
226 15 Tram 0 0 1.480874 704.985088 137.967520 758.897484 199.805098 3.626936 2.341227 12.830890 8.032655 1.644005 49.008970 1.641960
227 0 Car 0 0 -1.544983 581.257920 177.638685 642.508154 236.860239 1.609268 1.664986 3.204451 0.055507 1.766004 21.398195 -1.543316
227 12 Tram 1 0 0.802000 902.972328 0.000000 1241.000000 348.859139 3.655330 2.276057 12.782228 6.586360 1.530780 6.756696 1.552471
227 13 Tram 0 0 1.303239 749.337221 68.767729 988.462023 246.910496 3.638390 2.322269 14.728340 6.711216 1.586629 22.177910 1.592774
227 14 Tram 0 0 1.413428 722.197749 121.518985 808.030449 210.404840 3.613518 2.320742 10.040438 7.106938 1.576788 34.535629 1.614207
227 15 Tram 0 0 1.469426 706.540618 135.354389 766.604790 201.979543 3.626936 2.341227 12.830890 7.780709 1.649162 45.946212 1.635693
228 0 Car 0 0 -1.544284 580.774470 178.033878 641.689645 236.933218 1.609268 1.664986 3.204451 0.037687 1.777625 21.506547 -1.543449
228 12 Tram 1 0 0.533688 987.201126 0.000000 1241.000000 348.654297 3.655330 2.276057 12.782228 6.622009 1.492116 3.829080 1.547048
228 13 Tram 0 0 1.259951 761.151715 41.840167 1082.723696 266.283412 3.638390 2.322269 14.728340 6.595850 1.588313 19.116477 1.586769
228 14 Tram 0 0 1.393462 727.559031 115.947382 827.134877 215.136636 3.613518 2.320742 10.040438 6.931070 1.590781 31.466294 1.607779
228 15 Tram 0 0 1.457254 708.290269 132.303127 775.604955 204.519424 3.626936 2.341227 12.830890 7.528762 1.654319 42.883454 1.629425
229 0 Car 0 0 -1.543592 580.296240 178.424788 640.880015 237.005410 1.609268 1.664986 3.204451 0.019868 1.789246 21.614900 -1.543581
229 12 Tram 1 0 0.135415 1133.081938 0.000000 1241.000000 351.153952 3.655330 2.276057 12.782228 6.657658 1.453452 0.901465 1.528820
229 13 Tram 0 0 1.200928 777.668297 0.000000 1241.000000 300.097769 3.638390 2.322269 14.728340 6.519310 1.589198 15.996782 1.580765
229 14 Tram 0 0 1.370706 733.906613 108.916735 851.249134 221.111988 3.613518 2.320742 10.040438 6.755202 1.604774 28.396961 1.601351
229 15 Tram 0 0 1.444195 710.272657 128.693441 786.253311 207.525297 3.626936 2.341227 12.830890 7.276815 1.659477 39.820696 1.623158
230 0 Car 0 0 -1.542909 579.823144 178.811483 640.079122 237.076825 1.609268 1.664986 3.204451 0.002048 1.800866 21.723253 -1.543714
230 13 Tram 1 0 1.120742 799.279048 0.000000 1241.000000 354.827134 3.638390 2.322269 14.728340 6.442769 1.590082 12.877087 1.574760
230 14 Tram 0 0 1.341404 743.124172 98.365439 885.927225 228.319961 3.613518 2.320742 10.040438 6.622199 1.592617 25.198419 1.594923
230 15 Tram 0 0 1.427174 712.902551 123.795341 800.454987 210.909691 3.626936 2.341227 12.830890 7.041849 1.648905 36.642216 1.615050
231 0 Car 0 0 -1.542234 579.355100 179.194031 639.286824 237.147477 1.609268 1.664986 3.204451 -0.015772 1.812487 21.831605 -1.543846
231 13 Tram 1 0 0.994366 830.934246 0.000000 1241.000000 355.382291 3.638390 2.322269 14.728340 6.414287 1.566886 9.669372 1.565385
231 14 Tram 0 0 1.305933 754.525882 83.853141 933.650759 238.246004 3.613518 2.320742 10.040438 6.489196 1.580461 21.999878 1.588496
231 15 Tram 0 0 1.408513 715.953932 117.749699 817.986621 215.090479 3.626936 2.341227 12.830890 6.806882 1.638333 33.463737 1.606943
232 0 Car 0 0 -1.540080 578.988328 179.036829 638.650666 236.730658 1.609268 1.664986 3.204451 -0.027356 1.808824 21.921446 -1.542206
232 13 Tram 1 0 0.799679 877.321355 0.000000 1241.000000 359.001281 3.638390 2.322269 14.728340 6.385805 1.543689 6.461657 1.556010
232 14 Tram 0 0 1.261487 768.991786 62.633905 1003.488135 252.784762 3.613518 2.320742 10.040438 6.356193 1.568305 18.801337 1.582068
232 15 Tram 0 0 1.385695 720.806641 110.076688 842.134741 220.363290 3.626936 2.341227 12.830890 6.636642 1.627000 30.285250 1.598835
233 0 Car 0 0 -1.537931 578.624918 178.880993 638.019954 236.317550 1.609268 1.664986 3.204451 -0.038941 1.805162 22.011287 -1.540567
233 13 Tram 1 0 0.485609 955.995218 0.000000 1241.000000 358.408241 3.638390 2.322269 14.728340 6.442215 1.519780 3.303143 1.546635
233 14 Tram 0 0 1.199549 790.650502 28.963578 1118.968134 275.110662 3.613518 2.320742 10.040438 6.314832 1.549297 15.659489 1.575640
233 15 Tram 0 0 1.359591 726.582998 100.055853 873.682936 227.258616 3.626936 2.341227 12.830890 6.466403 1.615667 27.106763 1.590727
234 0 Car 0 0 -1.535786 578.264828 178.726505 637.394616 235.908103 1.609268 1.664986 3.204451 -0.050526 1.801499 22.101128 -1.538928
234 13 Tram 1 0 0.033398 1101.613440 0.000000 1241.000000 361.431302 3.638390 2.322269 14.728340 6.498625 1.495872 0.144630 1.537260
234 14 Tram 0 0 1.114745 820.074422 0.000000 1241.000000 316.187586 3.613518 2.320742 10.040438 6.273472 1.530289 12.517642 1.569212
234 15 Tram 0 0 1.328015 735.548550 86.625212 918.738179 236.471628 3.626936 2.341227 12.830890 6.377084 1.603933 23.975465 1.584304
235 0 Car 0 0 -1.533646 577.908012 178.573347 636.774585 235.502269 1.609268 1.664986 3.204451 -0.062111 1.797836 22.190969 -1.537288
235 14 Tram 1 0 0.991220 862.350058 0.000000 1241.000000 354.803420 3.613518 2.320742 10.040438 6.232112 1.511281 9.375794 1.562785
235 15 Tram 0 0 1.289477 746.577147 67.393035 983.304699 249.689443 3.626936 2.341227 12.830890 6.287765 1.592198 20.844166 1.577881
236 0 Car 0 0 -1.531835 577.830220 178.302051 636.394928 234.940610 1.609268 1.664986 3.204451 -0.066419 1.790862 22.295503 -1.535649
236 14 Tram 1 0 0.797633 932.301916 0.000000 1241.000000 356.951262 3.613518 2.320742 10.040438 6.250470 1.494663 6.252500 1.559039
236 15 Tram 0 0 1.240724 760.472851 37.564587 1083.561778 270.248421 3.626936 2.341227 12.830890 6.198447 1.580463 17.712868 1.571459
237 0 Car 0 0 -1.530026 577.753308 178.033452 636.054364 234.384655 1.609268 1.664986 3.204451 -0.070727 1.783889 22.400037 -1.534009
237 14 Tram 1 0 0.469213 1056.939698 0.000000 1241.000000 360.170602 3.613518 2.320742 10.040438 6.285002 1.477682 3.080655 1.546833
237 15 Tram 0 0 1.177228 779.375962 0.000000 1241.000000 304.852116 3.626936 2.341227 12.830890 6.152072 1.567835 14.685020 1.566073
238 0 Car 0 0 -1.528218 577.677263 177.767510 635.888945 233.834316 1.609268 1.664986 3.204451 -0.075035 1.776915 22.504572 -1.532370
238 15 Tram 1 0 1.089310 804.619775 0.000000 1241.000000 360.931898 3.626936 2.341227 12.830890 6.105698 1.555207 11.657172 1.560687
239 0 Car 0 0 -1.526412 577.602072 177.504185 635.724870 233.289510 1.609268 1.664986 3.204451 -0.079343 1.769941 22.609106 -1.530730
239 15 Tram 1 0 0.959778 840.036376 0.000000 1241.000000 365.521636 3.626936 2.341227 12.830890 6.059323 1.542579 8.629325 1.555302
240 0 Car 0 0 -1.524608 577.527722 177.243440 635.562120 232.750153 1.609268 1.664986 3.204451 -0.083651 1.762967 22.713640 -1.529091
240 15 Tram 1 0 0.752683 892.527663 0.000000 1241.000000 371.582294 3.626936 2.341227 12.830890 6.066905 1.529851 5.687779 1.544223
241 0 Car 0 0 -1.522805 577.454202 176.985236 635.400679 232.216165 1.609268 1.664986 3.204451 -0.087958 1.755994 22.818175 -1.527452
241 15 Tram 1 0 0.426840 978.963110 0.000000 1241.000000 374.000000 3.626936 2.341227 12.830890 6.074486 1.517122 2.746234 1.533145
242 0 Car 0 0 -1.518458 577.786460 176.451674 635.988376 231.497650 1.609268 1.664986 3.204451 -0.073563 1.740589 22.886161 -1.522464
242 15 Tram 1 0 -0.033116 1149.165181 0.000000 1241.000000 374.000000 3.626936 2.341227 12.830890 6.082067 1.504394 -0.195312 1.522066
243 0 Car 0 0 -1.514108 578.117288 175.921340 636.572406 230.783903 1.609268 1.664986 3.204451 -0.059168 1.725185 22.954147 -1.517476
244 0 Car 0 0 -1.509754 578.446705 175.394207 637.152795 230.074881 1.609268 1.664986 3.204451 -0.044773 1.709781 23.022133 -1.512488
245 0 Car 0 0 -1.505396 578.774729 174.870250 637.729568 229.370539 1.609268 1.664986 3.204451 -0.030378 1.694376 23.090119 -1.507500
246 0 Car 0 0 -1.501494 579.451914 174.908825 638.635089 229.254269 1.609268 1.664986 3.204451 -0.005030 1.695627 23.147538 -1.502512
247 0 Car 0 0 -1.497586 580.126051 174.947225 639.536113 229.138572 1.609268 1.664986 3.204451 0.020317 1.696878 23.204958 -1.497524
248 0 Car 0 0 -1.493674 580.797169 174.985450 640.432668 229.023441 1.609268 1.664986 3.204451 0.045664 1.698129 23.262378 -1.492536
249 0 Car 0 0 -1.489755 581.465298 175.023501 641.324781 228.908875 1.609268 1.664986 3.204451 0.071011 1.699381 23.319798 -1.487548
250 0 Car 0 0 -1.485832 582.130464 175.061380 642.212478 228.794868 1.609268 1.664986 3.204451 0.096359 1.700632 23.377217 -1.482560
251 0 Car 0 0 -1.481904 582.792697 175.099087 643.095786 228.681416 1.609268 1.664986 3.204451 0.121706 1.701883 23.434637 -1.477572
252 0 Car 0 0 -1.483615 584.307777 175.491925 644.338618 228.966921 1.609268 1.664986 3.204451 0.166506 1.713896 23.477482 -1.477412
253 0 Car 0 0 -1.485320 585.816941 175.883227 645.577212 229.251309 1.609268 1.664986 3.204451 0.211305 1.725909 23.520327 -1.477252
254 0 Car 0 0 -1.487019 587.320224 176.273002 646.811589 229.534588 1.609268 1.664986 3.204451 0.256105 1.737923 23.563171 -1.477093
255 0 Car 0 0 -1.488710 588.817659 176.661260 648.041771 229.816764 1.609268 1.664986 3.204451 0.300905 1.749936 23.606016 -1.476933
256 0 Car 0 0 -1.490395 590.309282 177.048010 649.267780 230.097844 1.609268 1.664986 3.204451 0.345705 1.761950 23.648861 -1.476774
257 0 Car 0 0 -1.491696 591.473294 176.846237 650.244471 229.833628 1.609268 1.664986 3.204451 0.381015 1.755943 23.675336 -1.476614
258 0 Car 0 0 -1.492993 592.634514 176.644946 651.219123 229.570045 1.609268 1.664986 3.204451 0.416326 1.749936 23.701810 -1.476454
259 0 Car 0 0 -1.494287 593.792953 176.444137 652.191743 229.307095 1.609268 1.664986 3.204451 0.451636 1.743930 23.728285 -1.476295
260 0 Car 0 0 -1.495578 594.948621 176.243807 653.162336 229.044774 1.609268 1.664986 3.204451 0.486946 1.737923 23.754760 -1.476135
261 0 Car 0 0 -1.496866 596.101528 176.043954 654.130910 228.783080 1.609268 1.664986 3.204451 0.522257 1.731917 23.781235 -1.475975
262 0 Car 0 0 -1.498151 597.251683 175.844577 655.097470 228.522012 1.609268 1.664986 3.204451 0.557567 1.725910 23.807709 -1.475816
263 0 Car 0 0 -1.499246 598.251380 176.286284 655.949209 228.916079 1.609268 1.664986 3.204451 0.588424 1.739559 23.826565 -1.475656
264 0 Car 0 0 -1.500340 599.249378 176.727245 656.799693 229.309475 1.609268 1.664986 3.204451 0.619281 1.753208 23.845421 -1.475496
264 10 Car 0 1 1.774279 589.447802 178.340729 610.006630 191.916362 1.405559 1.534839 3.368124 -1.081761 2.001910 77.099286 1.759931
265 0 Car 0 0 -1.501431 600.245679 177.167462 657.648922 229.702201 1.609268 1.664986 3.204451 0.650137 1.766858 23.864277 -1.475337
265 10 Car 0 0 1.776332 585.016472 178.431787 606.454038 192.558893 1.405559 1.534839 3.368124 -1.450902 1.988679 74.150167 1.756465
266 0 Car 0 0 -1.502368 601.101989 177.090007 658.400176 229.606812 1.609268 1.664986 3.204451 0.676834 1.764516 23.871975 -1.475177
266 9 Car 0 2 1.750127 604.499772 176.971953 627.822019 192.447345 1.437378 1.606182 3.660790 0.610259 1.848311 69.503058 1.758495
266 10 Car 0 0 1.778839 580.209826 178.530580 602.613536 193.255871 1.405559 1.534839 3.368124 -1.820043 1.975448 71.201047 1.752999
267 0 Car 0 0 -1.503304 601.957699 177.012606 659.150983 229.511491 1.609268 1.664986 3.204451 0.703530 1.762175 23.879674 -1.475017
267 9 Car 0 2 1.752371 600.143883 177.088974 624.647383 193.314205 1.437378 1.606182 3.660790 0.236587 1.840923 66.367807 1.755534
267 10 Car 0 0 1.781858 574.978059 178.638134 598.448660 194.014522 1.405559 1.534839 3.368124 -2.189184 1.962217 68.251927 1.749534
268 0 Car 0 0 -1.504240 602.812809 176.935258 659.901343 229.416236 1.609268 1.664986 3.204451 0.730227 1.759834 23.887373 -1.474858
268 9 Car 0 2 1.755129 595.344205 177.217961 621.166194 194.269424 1.437378 1.606182 3.660790 -0.137085 1.833535 63.232557 1.752574
268 10 Car 0 0 1.785456 569.262144 178.755670 593.916516 194.843412 1.405559 1.534839 3.368124 -2.558325 1.948986 65.302807 1.746068
269 0 Car 0 0 -1.505175 603.667321 176.857962 660.651257 229.321048 1.609268 1.664986 3.204451 0.756923 1.757493 23.895072 -1.474698
269 9 Car 0 1 1.758481 590.029260 177.360848 617.331810 195.327237 1.437378 1.606182 3.660790 -0.510757 1.826147 60.097306 1.749613
269 10 Car 0 0 1.789716 562.991599 178.884645 588.966304 195.752768 1.405559 1.534839 3.368124 -2.927466 1.935755 62.353688 1.742602
270 0 Car 0 0 -1.506109 604.521233 176.780720 661.400726 229.225927 1.609268 1.664986 3.204451 0.783619 1.755151 23.902771 -1.474538
270 9 Car 0 1 1.762524 584.111349 177.520008 613.087625 196.505109 1.437378 1.606182 3.660790 -0.884430 1.818760 56.962055 1.746653
270 10 Car 0 0 1.794732 556.081559 179.026814 583.537395 196.754905 1.405559 1.534839 3.368124 -3.296607 1.922524 59.404568 1.739136
271 0 Car 0 0 -1.507042 605.374549 176.703530 662.149749 229.130872 1.609268 1.664986 3.204451 0.810316 1.752810 23.910470 -1.474379
271 9 Car 0 0 1.767376 577.481673 177.698390 608.364252 197.824710 1.437378 1.606182 3.660790 -1.258102 1.811372 53.826805 1.743692
271 10 Car 0 0 1.800621 548.428920 179.180953 577.556848 197.864788 1.405559 1.534839 3.368124 -3.665748 1.909293 56.455449 1.735670
272 0 Car 0 0 -1.510146 605.755750 176.610894 662.201063 229.005499 1.609268 1.664986 3.204451 0.817816 1.750080 23.927209 -1.477195
272 9 Car 0 0 1.762471 571.301886 177.723711 603.904102 199.163706 1.437378 1.606182 3.660790 -1.555869 1.791929 50.642378 1.731478
272 10 Car 0 0 1.807625 540.572534 179.247246 571.631829 199.013517 1.405559 1.534839 3.368124 -3.980781 1.888015 53.457444 1.733242
273 0 Car 0 0 -1.513250 606.136729 176.518418 662.252104 228.880253 1.609268 1.664986 3.204451 0.825316 1.747350 23.943949 -1.480012
273 9 Car 0 0 1.758538 564.261642 177.752595 598.866028 200.689671 1.437378 1.606182 3.660790 -1.853636 1.772487 47.457952 1.719263
273 10 Car 0 0 1.815728 531.752841 179.321176 565.024118 200.303150 1.405559 1.534839 3.368124 -4.295814 1.866737 50.459439 1.730814
274 0 Car 0 0 -1.516354 606.517483 176.426100 662.302872 228.755135 1.609268 1.664986 3.204451 0.832816 1.744619 23.960689 -1.482828
274 9 Car 0 0 1.755781 556.167198 177.785845 593.130416 202.444707 1.437378 1.606182 3.660790 -2.151403 1.753044 44.273525 1.707048
274 10 Car 0 0 1.825131 521.781077 179.404141 557.608522 201.761307 1.405559 1.534839 3.368124 -4.610847 1.845459 47.461434 1.728387
275 0 Car 0 0 -1.520680 607.836386 175.438537 663.191763 227.752221 1.609268 1.664986 3.204451 0.869553 1.714159 23.972064 -1.485644
275 9 Car 0 0 1.754469 546.761949 177.824521 586.542183 204.484580 1.437378 1.606182 3.660790 -2.449170 1.733602 41.089098 1.694834
275 10 Car 0 1 1.836087 510.415720 179.497907 549.227250 203.423328 1.405559 1.534839 3.368124 -4.925881 1.824181 44.463429 1.725959
276 0 Car 0 0 -1.525005 609.154521 174.452158 664.079481 226.750052 1.609268 1.664986 3.204451 0.906291 1.683699 23.983440 -1.488461
276 9 Car 0 0 1.754958 535.698673 177.870060 578.896571 206.884762 1.437378 1.606182 3.660790 -2.746937 1.714159 37.904672 1.682619
276 10 Car 0 1 1.848915 497.342661 179.604728 539.678551 205.335181 1.405559 1.534839 3.368124 -5.240914 1.802904 41.465425 1.723531
277 0 Car 0 0 -1.529329 610.471885 173.466961 664.966030 225.748628 1.609268 1.664986 3.204451 0.943029 1.653239 23.994816 -1.491277
277 9 Car 0 0 1.751982 525.048553 178.384382 572.012831 210.176768 1.437378 1.606182 3.660790 -2.936233 1.715961 34.754886 1.667813
277 10 Car 0 1 1.849615 483.846829 180.016579 529.721650 207.933844 1.405559 1.534839 3.368124 -5.472104 1.796643 38.386141 1.708512
278 0 Car 0 0 -1.531894 610.439518 174.229414 664.657517 226.479193 1.609268 1.664986 3.204451 0.937719 1.676918 24.009032 -1.494094
278 9 Car 0 0 1.751312 512.147878 179.007419 563.830327 214.166281 1.437378 1.606182 3.660790 -3.125529 1.717763 31.605100 1.653006
278 10 Car 0 1 1.852946 467.882301 180.496873 518.105264 211.008905 1.405559 1.534839 3.368124 -5.703295 1.790382 35.306858 1.693494
279 0 Car 0 0 -1.535708 611.386784 174.250572 665.480499 226.446140 1.609268 1.664986 3.204451 0.962987 1.677655 24.034512 -1.496910
279 9 Car 0 0 1.753687 496.197000 179.777660 553.944750 219.101227 1.437378 1.606182 3.660790 -3.314825 1.719565 28.455314 1.638200
279 10 Car 0 1 1.859610 448.701986 181.064224 504.378041 214.704579 1.405559 1.534839 3.368124 -5.934485 1.784122 32.227575 1.678475
280 0 Car 0 0 -1.539519 612.332372 174.271683 666.376013 226.413127 1.609268 1.664986 3.204451 0.988255 1.678393 24.059992 -1.499726
280 9 Car 0 0 1.759400 476.516549 180.836992 542.385570 225.689014 1.437378 1.606182 3.660790 -3.475309 1.727683 25.246563 1.623394
280 10 Car 0 1 1.879046 426.550061 182.068305 489.847909 219.619467 1.405559 1.534839 3.368124 -6.094313 1.791508 29.123846 1.674075
281 0 Car 0 0 -1.543329 613.276286 174.292748 667.269115 226.380153 1.609268 1.664986 3.204451 1.013523 1.679130 24.085472 -1.502543
281 9 Car 0 0 1.770840 450.585002 182.164620 527.720482 234.373092 1.437378 1.606182 3.660790 -3.635793 1.735801 22.037811 1.608587
281 10 Car 0 1 1.903780 398.764578 183.297614 472.056255 225.785149 1.405559 1.534839 3.368124 -6.254142 1.798894 26.020117 1.669676
282 0 Car 0 0 -1.547136 614.218528 174.313766 668.159813 226.347218 1.609268 1.664986 3.204451 1.038790 1.679868 24.110951 -1.505359
282 9 Car 0 0 1.796312 417.106999 183.258207 511.105885 245.338353 1.437378 1.606182 3.660790 -3.744439 1.726409 18.885707 1.602535
282 10 Car 0 1 1.935728 362.883168 184.837508 449.766285 233.748711 1.405559 1.534839 3.368124 -6.413970 1.806281 22.916387 1.665276
283 0 Car 0 0 -1.550780 615.051447 174.334946 668.900941 226.277144 1.609268 1.664986 3.204451 1.060809 1.680645 24.152691 -1.508176
283 9 Car 0 0 1.833534 368.469085 184.743771 488.529695 261.274901 1.437378 1.606182 3.660790 -3.853085 1.717017 15.733603 1.596482
283 10 Car 0 2 1.977804 314.763691 186.822711 421.025384 244.430748 1.405559 1.534839 3.368124 -6.573798 1.813667 19.812658 1.660876
284 0 Car 0 0 -1.554420 615.881723 174.356048 669.638970 226.207285 1.609268 1.664986 3.204451 1.082827 1.681423 24.194431 -1.510992
284 9 Car 0 0 1.890273 291.358300 186.878077 456.082690 286.554444 1.437378 1.606182 3.660790 -3.961731 1.707625 12.581499 1.590429
284 10 Car 0 2 2.030618 250.716435 188.184541 385.559361 257.822593 1.405559 1.534839 3.368124 -6.665186 1.788682 16.733858 1.656476
285 0 Car 0 0 -1.558058 616.709368 174.377074 670.373917 226.137640 1.609268 1.664986 3.204451 1.104845 1.682200 24.236171 -1.513808
285 9 Car 0 0 1.976770 157.675474 190.078810 409.192693 331.610491 1.437378 1.606182 3.660790 -4.027496 1.697554 9.483366 1.584376
285 10 Car 0 2 2.104331 153.917903 190.094175 335.812565 278.115491 1.405559 1.534839 3.368124 -6.756575 1.763698 13.655058 1.652076
286 0 Car 0 0 -1.561694 617.534392 174.398024 671.105795 226.068208 1.609268 1.664986 3.204451 1.126863 1.682977 24.277912 -1.516625
286 9 Car 1 0 2.130232 0.000000 195.686393 326.975679 374.000000 1.437378 1.606182 3.660790 -4.093262 1.687483 6.385233 1.578324
286 10 Car 0 3 2.174705 7.579208 193.711690 266.665141 311.416326 1.405559 1.534839 3.368124 -6.797661 1.756056 10.740199 1.621214
287 0 Car 0 0 -1.565326 618.356806 174.418899 671.834621 225.998987 1.609268 1.664986 3.204451 1.148882 1.683755 24.319652 -1.519441
287 9 Car 1 0 2.402607 0.000000 206.560811 168.407942 374.000000 1.437378 1.606182 3.660790 -4.118555 1.676257 3.489400 1.572271
287 10 Car 1 3 2.226726 0.000000 199.536647 177.194584 351.118280 1.405559 1.534839 3.368124 -6.813152 1.767312 8.331286 1.556668
288 0 Car 0 0 -1.568955 619.176622 174.439699 672.560410 225.929977 1.609268 1.664986 3.204451 1.170900 1.684532 24.361392 -1.522258
289 0 Car 0 0 -1.571437 619.134457 174.475527 672.342444 225.801419 1.609268 1.664986 3.204451 1.166132 1.685861 24.436432 -1.525074
290 0 Car 0 0 -1.573921 619.092779 174.511118 672.125723 225.673646 1.609268 1.664986 3.204451 1.161364 1.687190 24.511473 -1.527891
291 0 Car 0 0 -1.576406 619.051581 174.546476 671.910234 225.546651 1.609268 1.664986 3.204451 1.156596 1.688520 24.586513 -1.530707
292 0 Car 0 0 -1.578894 619.010859 174.581602 671.695963 225.420427 1.609268 1.664986 3.204451 1.151828 1.689849 24.661554 -1.533523
293 0 Car 0 0 -1.581383 618.970607 174.616499 671.482899 225.294967 1.609268 1.664986 3.204451 1.147060 1.691178 24.736594 -1.536340
