5 1 Pedestrian 0 0 1.369200 750.146052 165.815963 771.264121 214.128885 1.760920 0.588953 0.828870 5.559268 1.510971 26.797721 1.571007
5 2 Pedestrian 0 0 1.371446 771.651429 168.301180 789.670243 214.493713 1.663583 0.508878 0.598964 6.198109 1.505050 26.358013 1.599361
6 1 Pedestrian 0 0 1.365196 755.526160 165.166596 773.859493 215.039482 1.760920 0.588953 0.828870 5.499701 1.496003 25.972156 1.571007
6 2 Pedestrian 0 0 1.355394 774.730213 167.535995 786.063547 215.251255 1.663583 0.508878 0.598964 6.139143 1.483510 25.527446 1.588231
7 1 Pedestrian 0 0 1.360940 758.246073 164.473913 777.427622 216.010864 1.760920 0.588953 0.828870 5.440134 1.481036 25.146592 1.571007
7 2 Pedestrian 0 0 1.339028 780.153509 166.718955 794.255931 216.060484 1.663583 0.508878 0.598964 6.080176 1.461970 24.696879 1.577102
8 1 Pedestrian 0 0 1.356407 761.145342 163.733432 780.478676 217.049327 1.760920 0.588953 0.828870 5.380566 1.466068 24.321027 1.571007
8 2 Pedestrian 0 0 1.322316 785.684319 165.844603 802.017653 216.926878 1.663583 0.508878 0.598964 6.021210 1.440429 23.866312 1.565972
9 1 Pedestrian 0 0 1.351569 765.081086 162.940028 785.143945 218.162068 1.760920 0.588953 0.828870 5.320999 1.451100 23.495463 1.571007
9 2 Pedestrian 0 0 1.305224 789.667171 164.906692 808.074750 217.856719 1.663583 0.508878 0.598964 5.962244 1.418889 23.035745 1.554842
10 1 Pedestrian 0 0 1.346394 768.946112 162.087817 788.946112 219.357353 1.760920 0.588953 0.828870 5.261432 1.436133 22.669898 1.571007
10 2 Pedestrian 0 0 1.287711 793.929014 163.898029 813.595680 218.857244 1.663583 0.508878 0.598964 5.903278 1.397349 22.205179 1.543713
11 1 Pedestrian 0 0 1.339628 773.287586 160.085697 796.415419 219.572935 1.760920 0.588953 0.828870 5.228773 1.389015 21.839488 1.571007
11 2 Pedestrian 0 0 1.278654 800.716403 163.427222 821.018220 220.543397 1.663583 0.508878 0.598964 5.896760 1.393847 21.377817 1.543713
12 1 Pedestrian 0 0 1.330189 779.308636 160.103940 804.641968 221.991508 1.760920 0.588953 0.828870 5.245739 1.404243 21.008405 1.571007
12 2 Pedestrian 0 0 1.268927 807.896531 162.917996 827.896531 222.367353 1.663583 0.508878 0.598964 5.890242 1.390345 20.550455 1.543713
13 1 Pedestrian 0 0 1.321155 786.016018 161.140147 813.341165 225.631749 1.760920 0.588953 0.828870 5.238517 1.447345 20.177041 1.571007
13 2 Pedestrian 0 0 1.258310 816.667428 163.176663 838.191724 225.159694 1.663583 0.508878 0.598964 5.887152 1.408713 19.722951 1.543713
14 1 Pedestrian 0 0 1.311403 792.777338 162.267264 820.777338 229.591664 1.760920 0.588953 0.828870 5.231295 1.490447 19.345677 1.571007
14 2 Pedestrian 0 0 1.246269 826.096338 164.514187 848.096337 229.258077 1.663583 0.508878 0.598964 5.896677 1.454333 18.895493 1.543713
15 1 Pedestrian 0 0 1.298955 800.670996 163.805449 832.344090 234.246881 1.760920 0.588953 0.828870 5.260806 1.541352 18.508240 1.571007
15 2 Pedestrian 0 0 1.233244 835.870683 165.976094 861.349057 233.738259 1.663583 0.508878 0.598964 5.906201 1.499953 18.068035 1.543713
16 1 Pedestrian 0 0 1.285445 809.246751 165.492746 842.913418 239.353851 1.760920 0.588953 0.828870 5.290317 1.592257 17.670804 1.571007
16 2 Pedestrian 0 0 1.218681 847.801821 168.095721 875.468488 239.140058 1.663583 0.508878 0.598964 5.960150 1.557641 17.247991 1.545417
17 1 Pedestrian 0 0 1.270738 823.791860 164.976640 857.085937 242.601076 1.760920 0.588953 0.828870 5.319257 1.589035 16.833933 1.571007
17 2 Pedestrian 0 0 1.202943 863.054929 169.425537 890.636840 244.083742 1.663583 0.508878 0.598964 6.009754 1.592824 16.428010 1.547121
18 1 Pedestrian 0 0 1.254673 839.417592 164.405174 870.084259 246.197024 1.760920 0.588953 0.828870 5.348196 1.585814 15.997063 1.571007
18 2 Pedestrian 0 0 1.187404 877.820307 167.034728 903.486972 245.696685 1.663583 0.508878 0.598964 6.025658 1.545927 15.606091 1.548826
19 1 Pedestrian 0 0 1.238052 851.429891 161.056902 887.240837 247.487903 1.760920 0.588953 0.828870 5.359111 1.527094 15.159812 1.571007
19 2 Pedestrian 0 0 1.170238 897.147621 163.601596 925.586897 246.701236 1.663583 0.508878 0.598964 6.042702 1.483478 14.787411 1.550530
20 1 Pedestrian 0 0 1.219747 864.098413 157.306117 902.765080 248.934169 1.760920 0.588953 0.828870 5.370025 1.468375 14.322561 1.571007
20 2 Pedestrian 0 0 1.151235 917.397039 159.757756 946.730375 247.826066 1.663583 0.508878 0.598964 6.059745 1.421028 13.968730 1.552235
21 1 Pedestrian 0 0 1.199504 882.177389 153.075595 922.834176 250.565674 1.760920 0.588953 0.828870 5.380940 1.409655 13.485310 1.571007
21 2 Pedestrian 0 0 1.131112 937.190450 156.119726 971.582167 249.800985 1.663583 0.508878 0.598964 6.060502 1.371012 13.148606 1.553939
22 1 Pedestrian 0 0 1.175343 902.686299 152.839017 942.019631 257.006261 1.760920 0.588953 0.828870 5.418102 1.428610 12.647236 1.571007
22 2 Pedestrian 0 0 1.105608 959.075330 158.310222 996.075332 258.632229 1.663583 0.508878 0.598964 6.069449 1.427225 12.298729 1.553939
23 1 Pedestrian 0 0 1.153165 916.577800 155.717079 966.656788 267.553229 1.760920 0.588953 0.828870 5.386891 1.497405 11.808672 1.571007
23 2 Pedestrian 0 0 1.077164 980.481917 160.833935 1020.064736 268.809998 1.663583 0.508878 0.598964 6.078396 1.483438 11.448851 1.553939
24 1 Pedestrian 0 0 1.124938 934.512473 156.691947 991.512474 277.496586 1.760920 0.588953 0.828870 5.396895 1.531777 10.962702 1.571007
24 2 Pedestrian 0 0 1.045453 1003.193690 163.422611 1041.527022 280.316077 1.663583 0.508878 0.598964 6.085006 1.534636 10.598988 1.553939
25 1 Pedestrian 0 0 1.093057 962.129671 157.836449 1031.432406 289.173408 1.760920 0.588953 0.828870 5.406899 1.566150 10.116733 1.571007
25 2 Pedestrian 0 0 1.011235 1039.309964 160.549762 1085.510526 287.943537 1.663583 0.508878 0.598964 6.070244 1.508015 9.749597 1.553939
26 1 Pedestrian 0 0 1.061031 989.877784 153.145138 1064.544452 296.346980 1.760920 0.588953 0.828870 5.386036 1.524911 9.312022 1.571007
26 2 Pedestrian 0 0 0.972443 1079.463373 157.111088 1128.796707 297.077797 1.663583 0.508878 0.598964 6.055482 1.481394 8.900206 1.553939
27 1 Pedestrian 0 0 1.017098 1039.170854 147.172919 1121.791726 306.184815 1.760920 0.588953 0.828870 5.405612 1.482612 8.426394 1.571007
27 2 Pedestrian 0 0 0.930368 1114.751867 151.415487 1204.335894 307.076964 1.663583 0.508878 0.598964 6.060627 1.439156 8.031478 1.558759
28 1 Pedestrian 0 0 0.969648 1091.873587 137.438831 1170.540256 316.069870 1.760920 0.588953 0.828870 5.389210 1.417495 7.545129 1.571007
28 2 Pedestrian 0 0 0.881459 1173.971314 144.645780 1241.000000 319.603432 1.663583 0.508878 0.598964 6.065771 1.396919 7.162751 1.563580
29 1 Pedestrian 0 0 0.912912 1131.623464 139.655608 1241.000000 343.223400 1.760920 0.588953 0.828870 5.388894 1.477557 6.662550 1.571007
30 1 Pedestrian 1 0 0.846409 1205.716627 145.845730 1241.000000 361.708125 1.760920 0.588953 0.828870 5.388579 1.537618 5.779970 1.571007
31 5 Pedestrian 0 0 1.949006 345.507666 173.972485 369.061009 219.694372 1.853955 0.696828 0.692092 -10.434314 1.906917 29.702818 1.613563
32 5 Pedestrian 0 0 1.961215 336.051966 171.208945 355.051966 218.287192 1.853955 0.696828 0.692092 -10.541167 1.796378 28.857124 1.613563
33 5 Pedestrian 0 0 1.974038 325.435663 168.276495 346.317316 216.794037 1.853955 0.696828 0.692092 -10.648019 1.685839 28.011430 1.613563
34 5 Pedestrian 0 0 1.987517 313.873353 165.159161 335.873353 215.206779 1.853955 0.696828 0.692092 -10.754872 1.575299 27.165736 1.613563
35 5 Pedestrian 0 0 1.999809 303.276762 166.590986 326.387020 218.196956 1.853955 0.696828 0.692092 -10.816202 1.635573 26.355022 1.613563
36 5 Pedestrian 0 0 2.012738 292.022516 168.114916 315.355849 221.379404 1.853955 0.696828 0.692092 -10.877532 1.695846 25.544309 1.613563
37 5 Pedestrian 0 0 2.023738 281.389756 168.926171 302.074113 224.040709 1.853955 0.696828 0.692092 -10.948066 1.728785 24.698470 1.610131
38 5 Pedestrian 0 0 2.035550 269.389559 169.795709 286.389560 226.893683 1.853955 0.696828 0.692092 -11.018601 1.761724 23.852632 1.606698
39 5 Pedestrian 0 0 2.047997 251.931611 168.509363 275.342493 227.737825 1.853955 0.696828 0.692092 -11.083022 1.724883 23.007416 1.603266
40 5 Pedestrian 0 0 2.061376 232.541893 167.123540 261.541893 228.647421 1.853955 0.696828 0.692092 -11.147443 1.688041 22.162200 1.599833
41 5 Pedestrian 0 0 2.073615 216.334342 167.617050 245.580937 231.541718 1.853955 0.696828 0.692092 -11.237112 1.708899 21.343686 1.593830
42 5 Pedestrian 0 0 2.086908 198.404700 168.150478 226.404699 234.671288 1.853955 0.696828 0.692092 -11.326781 1.729756 20.525172 1.587828
43 5 Pedestrian 0 0 2.101332 179.400005 168.728866 208.034181 238.066036 1.853955 0.696828 0.692092 -11.416450 1.750613 19.706658 1.581825
44 5 Pedestrian 0 0 2.116973 157.838842 169.358146 185.505509 241.761152 1.853955 0.696828 0.692092 -11.506119 1.771470 18.888144 1.575822
45 5 Pedestrian 0 0 2.133918 130.916029 170.045341 168.302302 245.798345 1.853955 0.696828 0.692092 -11.595787 1.792327 18.069630 1.569819
46 5 Pedestrian 0 0 2.158159 100.724421 170.250131 146.057754 249.633897 1.853955 0.696828 0.692092 -11.687988 1.800290 17.258949 1.569819
47 5 Pedestrian 0 0 2.183875 71.226234 170.475513 117.374536 253.855598 1.853955 0.696828 0.692092 -11.780189 1.808252 16.448267 1.569819
48 5 Pedestrian 0 0 2.210097 39.100410 168.626498 82.767078 256.496634 1.853955 0.696828 0.692092 -11.836537 1.771755 15.624918 1.569819
49 5 Pedestrian 0 0 2.238029 1.485532 166.567180 62.599680 259.438471 1.853955 0.696828 0.692092 -11.892886 1.735258 14.801569 1.569819
72 20 Cyclist 0 0 2.033643 496.451779 167.383813 529.717582 216.335271 1.825707 0.541881 1.725076 -3.753211 1.630945 27.806578 1.900188
73 20 Cyclist 0 0 2.015959 490.428559 166.900353 524.177041 217.488915 1.825707 0.541881 1.725076 -3.852197 1.620337 26.935987 1.874731
74 20 Cyclist 0 0 1.998769 483.996890 166.383781 518.271734 218.721519 1.825707 0.541881 1.725076 -3.951183 1.609728 26.065395 1.849273
75 20 Cyclist 0 0 1.982121 477.112553 165.830583 511.965497 220.041483 1.825707 0.541881 1.725076 -4.050169 1.599119 25.194803 1.823815
76 20 Cyclist 0 0 1.966069 469.724757 165.236729 505.217177 221.458445 1.825707 0.541881 1.725076 -4.149155 1.588511 24.324212 1.798357
76 30 Cyclist 0 0 -0.555904 582.433572 168.769413 624.019624 208.697353 1.815299 0.589697 1.890230 -0.337754 1.631282 33.561057 -0.566455
77 20 Cyclist 0 0 1.950253 462.114772 166.276331 498.302609 224.672137 1.825707 0.541881 1.725076 -4.236788 1.630458 23.450356 1.772899
77 30 Cyclist 0 0 -0.591809 585.117956 169.991243 626.867056 210.530133 1.815299 0.589697 1.890230 -0.205858 1.689889 33.098607 -0.598574
78 20 Cyclist 0 0 1.935136 453.899687 167.399831 490.866566 228.143004 1.825707 0.541881 1.725076 -4.324421 1.672406 22.576501 1.747441
78 30 Cyclist 0 0 -0.627821 587.906181 171.245220 629.767914 212.417510 1.815299 0.589697 1.890230 -0.073961 1.748495 32.636157 -0.630692
79 20 Cyclist 0 0 1.919901 445.211622 166.796112 483.083302 230.203837 1.825707 0.541881 1.725076 -4.397246 1.662107 21.662352 1.721402
79 30 Cyclist 0 0 -0.663944 590.802779 172.532649 632.724652 214.361839 1.815299 0.589697 1.890230 0.057935 1.807102 32.173707 -0.662810
80 20 Cyclist 0 0 1.905552 435.732537 166.137541 474.635637 232.478660 1.825707 0.541881 1.725076 -4.470072 1.651808 20.748204 1.695362
80 30 Cyclist 0 0 -0.700108 593.749704 172.907500 635.673991 215.375727 1.815299 0.589697 1.890230 0.187026 1.823545 31.714722 -0.694929
81 20 Cyclist 0 0 1.892200 425.347487 165.416291 465.436165 234.973036 1.825707 0.541881 1.725076 -4.542897 1.641509 19.834055 1.669323
81 30 Cyclist 0 0 -0.736594 596.942061 171.798777 638.818248 214.874853 1.815299 0.589697 1.890230 0.321800 1.774442 31.248627 -0.727047
82 20 Cyclist 0 0 1.879971 413.918234 164.622967 455.381355 237.720364 1.825707 0.541881 1.725076 -4.615723 1.631210 18.919907 1.643283
82 30 Cyclist 0 0 -0.751132 599.086629 170.171121 641.271877 213.884429 1.815299 0.589697 1.890230 0.415344 1.707628 30.810468 -0.738418
83 20 Cyclist 0 0 1.869018 401.277023 163.746199 444.347638 240.761181 1.825707 0.541881 1.725076 -4.688548 1.620911 18.005758 1.617244
83 30 Cyclist 0 0 -0.765631 601.213146 169.292413 643.702953 213.656616 1.815299 0.589697 1.890230 0.505312 1.673453 30.376180 -0.749790
84 20 Cyclist 0 0 1.882007 387.123408 163.413461 433.463572 244.613263 1.825707 0.541881 1.725076 -4.755164 1.624575 17.121978 1.614467
84 21 Cyclist 0 1 1.822362 409.459719 167.157684 449.318661 234.610901 1.770449 0.593923 1.924228 -5.011191 1.633617 19.959498 1.578923
84 30 Cyclist 0 0 -0.780417 603.559280 169.383879 646.357167 214.429572 1.815299 0.589697 1.890230 0.601587 1.679507 29.935153 -0.761161
85 20 Cyclist 0 0 1.896525 371.344907 163.042538 421.454832 248.908152 1.825707 0.541881 1.725076 -4.821779 1.628238 16.238197 1.611691
85 21 Cyclist 0 1 1.837123 396.318409 166.719135 439.181824 237.462182 1.770449 0.593923 1.924228 -5.096432 1.629573 19.075715 1.578923
85 30 Cyclist 0 0 -0.795304 606.000619 171.362341 649.105150 217.113107 1.815299 0.589697 1.890230 0.698653 1.760362 29.493344 -0.772533
86 20 Cyclist 0 0 1.912793 353.644649 162.626454 408.137610 253.726859 1.825707 0.541881 1.725076 -4.888395 1.631902 15.354416 1.608915
86 21 Cyclist 0 1 1.853164 381.830822 166.235645 428.109553 240.605880 1.770449 0.593923 1.924228 -5.181673 1.625530 18.191932 1.578923
86 30 Cyclist 0 0 -0.827719 608.257708 171.174969 651.190432 217.607463 1.815299 0.589697 1.890230 0.776782 1.754315 29.086475 -0.801971
87 20 Cyclist 0 0 1.931074 333.648757 162.156426 393.285745 259.171435 1.825707 0.541881 1.725076 -4.955010 1.635565 14.470636 1.606138
87 21 Cyclist 0 1 1.870651 365.778906 165.699934 415.966101 244.089409 1.770449 0.593923 1.924228 -5.266913 1.621486 17.308148 1.578923
87 30 Cyclist 0 0 -0.860217 610.603305 170.982085 653.312172 218.115631 1.815299 0.589697 1.890230 0.854912 1.748269 28.679606 -0.831409
88 20 Cyclist 0 0 1.951684 310.879636 161.621234 376.617760 265.372281 1.825707 0.541881 1.725076 -5.021626 1.639229 13.586855 1.603362
88 21 Cyclist 0 1 1.889775 347.894837 165.103058 402.588123 247.971022 1.770449 0.593923 1.924228 -5.352154 1.617442 16.424365 1.578923
88 30 Cyclist 0 0 -0.892802 613.041112 170.783461 655.472255 218.638196 1.815299 0.589697 1.890230 0.933042 1.742222 28.272738 -0.860846
89 20 Cyclist 0 0 1.975746 286.480582 161.176176 359.486546 272.570418 1.825707 0.541881 1.725076 -5.061656 1.645516 12.712954 1.603362
89 21 Cyclist 0 1 1.910762 327.845947 164.433907 387.777279 252.323090 1.770449 0.593923 1.924228 -5.437395 1.613398 15.540582 1.578923
89 30 Cyclist 0 0 -0.925477 615.575035 170.578859 657.672694 219.175773 1.815299 0.589697 1.890230 1.011171 1.736176 27.865869 -0.890284
90 20 Cyclist 0 0 2.002731 258.207448 160.660339 339.996762 280.913459 1.825707 0.541881 1.725076 -5.101686 1.651802 11.839052 1.603362
90 21 Cyclist 0 1 1.931872 306.980434 164.913091 372.893137 258.555364 1.770449 0.593923 1.924228 -5.483962 1.632953 14.644672 1.578923
90 30 Cyclist 0 0 -0.958246 618.209193 170.368024 659.915638 219.729018 1.815299 0.589697 1.890230 1.089301 1.730130 27.459001 -0.919722
90 32 Pedestrian 0 0 -1.898162 884.408266 165.769893 906.408267 224.692007 1.693696 0.590506 0.834954 8.326513 1.496958 21.220456 -1.529508
91 20 Cyclist 0 0 2.033158 225.057972 160.055377 317.625318 290.698160 1.825707 0.541881 1.725076 -5.141717 1.658089 10.965151 1.603362
91 21 Cyclist 0 1 1.955288 283.196419 165.459325 356.196095 265.660621 1.770449 0.593923 1.924228 -5.530529 1.652507 13.748761 1.578923
91 30 Cyclist 0 0 -0.962138 620.848873 170.810564 663.003925 220.867901 1.815299 0.589697 1.890230 1.181968 1.747458 27.090093 -0.919722
91 32 Pedestrian 0 0 -1.909552 889.706026 165.168906 912.603131 225.593463 1.693696 0.590506 0.834954 8.287886 1.485122 20.703661 -1.534232
92 20 Cyclist 0 0 2.067660 185.651550 159.336011 291.682098 302.333532 1.825707 0.541881 1.725076 -5.181747 1.664376 10.091250 1.603362
92 21 Cyclist 0 1 1.981378 255.835531 166.087741 337.333454 273.836097 1.770449 0.593923 1.924228 -5.577096 1.672061 12.852850 1.578923
92 30 Cyclist 0 0 -0.966135 623.562974 171.265753 666.175686 222.039361 1.815299 0.589697 1.890230 1.274636 1.764787 26.721186 -0.919722
92 32 Pedestrian 0 0 -1.921241 895.089595 164.536605 918.089596 226.542131 1.693696 0.590506 0.834954 8.249258 1.473285 20.186867 -1.538955
93 20 Cyclist 0 0 2.107014 138.032063 158.466398 261.237488 316.399472 1.825707 0.541881 1.725076 -5.221777 1.670663 9.217348 1.603362
93 21 Cyclist 0 1 2.010587 224.025282 166.818393 315.854684 283.343286 1.770449 0.593923 1.924228 -5.623663 1.691616 11.956939 1.578923
93 30 Cyclist 0 0 -0.970241 626.354688 171.734143 669.434351 223.244815 1.815299 0.589697 1.890230 1.367303 1.782116 26.352279 -0.919722
93 32 Pedestrian 0 0 -1.932445 900.338338 166.034452 925.098085 229.711435 1.693696 0.590506 0.834954 8.192051 1.519243 19.668420 -1.543679
94 20 Cyclist 0 0 2.152171 79.333200 157.393978 225.008666 333.746395 1.825707 0.541881 1.725076 -5.261808 1.676950 8.343447 1.603362
94 21 Cyclist 0 1 2.043449 186.584293 167.678441 291.174968 294.536427 1.770449 0.593923 1.924228 -5.670230 1.711170 11.061029 1.578923
94 30 Cyclist 0 0 -0.974460 629.227393 172.216314 672.783543 224.485768 1.815299 0.589697 1.890230 1.459971 1.799445 25.983371 -0.919722
94 32 Pedestrian 0 0 -1.946452 907.367195 167.581756 933.033861 233.137106 1.693696 0.590506 0.834954 8.178194 1.564576 19.117451 -1.548403
95 20 Cyclist 0 0 2.204282 5.179233 156.038441 181.174164 355.673838 1.825707 0.541881 1.725076 -5.301838 1.683237 7.469545 1.603362
95 21 Cyclist 0 0 2.077421 145.549986 167.162728 265.150959 305.774746 1.770449 0.593923 1.924228 -5.694877 1.710697 10.204162 1.578923
95 30 Cyclist 0 0 -0.978797 632.184664 172.712885 676.227086 225.763808 1.815299 0.589697 1.890230 1.552638 1.816774 25.614464 -0.919722
95 32 Pedestrian 0 0 -1.959106 914.862829 167.023176 941.032299 234.401544 1.693696 0.590506 0.834954 8.142478 1.554168 18.612089 -1.553127
96 20 Cyclist 0 0 2.264730 0.000000 155.276856 127.058056 374.000000 1.825707 0.541881 1.725076 -5.341868 1.689524 6.595644 1.603362
96 21 Cyclist 0 0 2.115882 96.152950 166.541851 234.801065 319.308468 1.770449 0.593923 1.924228 -5.719524 1.710224 9.347295 1.578923
96 30 Cyclist 0 0 -0.983258 635.230293 173.224510 679.769025 227.080624 1.815299 0.589697 1.890230 1.645306 1.834103 25.245557 -0.919722
96 32 Pedestrian 0 0 -1.972138 922.392965 166.432806 948.059632 235.738374 1.693696 0.590506 0.834954 8.106762 1.543761 18.106728 -1.557850
97 21 Cyclist 0 0 2.159642 35.546668 165.779993 198.948899 335.920825 1.770449 0.593923 1.924228 -5.744171 1.709751 8.490428 1.578923
97 30 Cyclist 0 0 -1.001763 638.352174 172.648679 682.821757 227.265051 1.815299 0.589697 1.890230 1.730088 1.814967 24.911597 -0.934028
97 32 Pedestrian 0 0 -1.985573 928.517600 165.807852 958.048120 237.153999 1.693696 0.590506 0.834954 8.071046 1.533353 17.601366 -1.562574
98 21 Cyclist 0 0 2.209671 0.000000 164.822984 155.948994 356.449629 1.770449 0.593923 1.924228 -5.768817 1.709278 7.633561 1.578923
98 30 Cyclist 0 0 -1.020378 641.568670 172.056406 685.948366 227.454360 1.815299 0.589697 1.890230 1.814870 1.795832 24.577637 -0.948335
98 32 Pedestrian 0 0 -1.996278 936.035504 164.895358 968.368838 238.477617 1.693696 0.590506 0.834954 8.060222 1.517362 17.078842 -1.562574
99 21 Cyclist 1 0 2.267108 0.000000 165.211131 103.427176 363.557888 1.770449 0.593923 1.924228 -5.793464 1.708805 6.776694 1.578923
99 30 Cyclist 0 0 -1.039108 644.883819 171.446993 689.151831 227.648759 1.815299 0.589697 1.890230 1.899651 1.776697 24.243677 -0.962641
99 32 Pedestrian 0 0 -2.007532 947.948901 163.923844 981.829148 239.886917 1.693696 0.590506 0.834954 8.049397 1.501371 16.556318 -1.562574
100 30 Cyclist 0 0 -1.057957 648.301895 170.819698 692.435294 227.848466 1.815299 0.589697 1.890230 1.984433 1.757561 23.909717 -0.976947
100 32 Pedestrian 0 0 -2.019376 959.952661 162.887390 993.952662 241.390496 1.693696 0.590506 0.834954 8.038573 1.485380 16.033794 -1.562574
101 30 Cyclist 0 0 -1.076930 651.827418 170.173738 695.802065 228.053714 1.815299 0.589697 1.890230 2.069215 1.738426 23.575758 -0.991254
101 32 Pedestrian 0 0 -2.031853 969.960138 161.779261 1005.103833 242.998142 1.693696 0.590506 0.834954 8.027749 1.469389 15.511270 -1.562574
102 30 Cyclist 0 0 -1.096031 655.465185 169.508283 699.255644 228.264748 1.815299 0.589697 1.890230 2.153997 1.719290 23.241798 -1.005560
102 32 Pedestrian 0 0 -2.045011 980.197591 160.591755 1014.864259 244.721046 1.693696 0.590506 0.834954 8.016925 1.453398 14.988747 -1.562574
103 30 Cyclist 0 0 -1.132029 658.846004 167.965128 701.614582 227.582132 1.815299 0.589697 1.890230 2.215953 1.674171 22.927352 -1.037670
103 32 Pedestrian 0 0 -2.058903 993.204056 159.316027 1030.101253 246.572064 1.693696 0.590506 0.834954 8.006101 1.437408 14.466223 -1.562574
104 30 Cyclist 0 0 -1.168131 662.354316 166.376629 704.011670 226.876977 1.815299 0.589697 1.890230 2.277908 1.629052 22.612905 -1.069780
104 32 Pedestrian 0 0 -2.074294 1004.192601 157.160980 1041.525935 247.497325 1.693696 0.590506 0.834954 7.976759 1.405799 13.987139 -1.565555
105 30 Cyclist 0 0 -1.192786 666.204955 167.496183 707.228322 228.877251 1.815299 0.589697 1.890230 2.356036 1.665214 22.306380 -1.089704
105 32 Pedestrian 0 0 -2.091240 1017.729445 158.404263 1059.087047 252.255126 1.693696 0.590506 0.834954 7.948205 1.439366 13.479486 -1.568537
106 30 Cyclist 0 0 -1.200041 668.245146 169.457273 709.551353 231.851355 1.815299 0.589697 1.890230 2.385802 1.724933 21.961349 -1.094080
106 32 Pedestrian 0 0 -2.109007 1031.212920 159.747764 1074.546253 257.398270 1.693696 0.590506 0.834954 7.919651 1.472933 12.971833 -1.571518
107 30 Cyclist 0 0 -1.258579 671.622397 169.451693 710.395701 232.771776 1.815299 0.589697 1.890230 2.416136 1.726879 21.662457 -1.149820
107 32 Pedestrian 0 0 -2.127663 1047.332430 161.204105 1093.128362 262.975546 1.693696 0.590506 0.834954 7.891097 1.506501 12.464180 -1.574499
108 30 Cyclist 0 0 -1.307485 674.477233 167.713375 711.015759 231.890066 1.815299 0.589697 1.890230 2.436567 1.679507 21.390279 -1.196413
108 32 Pedestrian 0 0 -2.146418 1062.717939 159.127297 1108.384606 265.001874 1.693696 0.590506 0.834954 7.872737 1.480632 11.997378 -1.577481
109 30 Cyclist 0 0 -1.356448 677.458988 165.928814 711.613023 230.978682 1.815299 0.589697 1.890230 2.456997 1.632136 21.118100 -1.243007
109 32 Pedestrian 0 0 -2.166070 1082.670337 156.876723 1129.885974 267.198720 1.693696 0.590506 0.834954 7.854378 1.454764 11.530577 -1.580462
110 30 Cyclist 0 0 -1.405471 680.569541 164.096714 712.189795 230.036716 1.815299 0.589697 1.890230 2.477427 1.584764 20.845921 -1.289600
110 32 Pedestrian 0 0 -2.186393 1102.270076 156.371108 1148.270078 271.511386 1.693696 0.590506 0.834954 7.833084 1.457558 11.065923 -1.583444
111 30 Cyclist 0 0 -1.476738 683.915452 165.493512 711.387323 232.255680 1.815299 0.589697 1.890230 2.482247 1.626423 20.597902 -1.359298
111 32 Pedestrian 0 0 -2.206751 1122.215113 155.833217 1174.873470 276.232030 1.693696 0.590506 0.834954 7.795532 1.460545 10.601271 -1.586425
112 30 Cyclist 0 0 -1.453354 683.792568 165.575641 713.144994 233.256480 1.815299 0.589697 1.890230 2.473889 1.631108 20.333584 -1.334824
112 32 Pedestrian 0 0 -2.230185 1144.130222 155.215540 1200.463557 281.376320 1.693696 0.590506 0.834954 7.790495 1.463146 10.136615 -1.589406
113 30 Cyclist 0 0 -1.429999 683.675905 165.660532 714.941218 234.283548 1.815299 0.589697 1.890230 2.465531 1.635793 20.069266 -1.310351
113 32 Pedestrian 0 0 -2.253820 1145.677999 154.551166 1241.000000 287.053331 1.693696 0.590506 0.834954 7.769201 1.465940 9.671961 -1.592388
114 30 Cyclist 0 0 -1.447316 684.583637 167.562100 715.024043 236.918356 1.815299 0.589697 1.890230 2.453755 1.687777 19.867209 -1.327085
114 32 Pedestrian 0 0 -2.278736 1169.889656 154.123166 1241.000000 293.331895 1.693696 0.590506 0.834954 7.747906 1.468734 9.207307 -1.595369
115 30 Cyclist 0 0 -1.466389 685.195815 166.337934 714.719074 236.566767 1.815299 0.589697 1.890230 2.428058 1.658015 19.631005 -1.345998
115 32 Pedestrian 1 0 -2.305031 1196.559611 154.149475 1241.000000 296.880708 1.693696 0.590506 0.834954 7.726612 1.471528 8.742653 -1.598350
116 30 Cyclist 0 0 -1.485466 685.829887 165.082865 714.402518 236.205148 1.815299 0.589697 1.890230 2.402361 1.628254 19.394802 -1.364911
117 30 Cyclist 0 0 -1.504546 686.486461 163.795773 714.074197 235.833134 1.815299 0.589697 1.890230 2.376665 1.598493 19.158598 -1.383824
118 30 Cyclist 0 0 -1.523631 687.166169 162.475482 713.733919 235.450346 1.815299 0.589697 1.890230 2.350968 1.568732 18.922394 -1.402738
119 30 Cyclist 0 0 -1.565565 688.283677 163.462149 713.290587 237.353311 1.815299 0.589697 1.890230 2.314536 1.596515 18.696966 -1.445157
120 30 Cyclist 0 0 -1.552361 686.026098 164.501617 711.316349 239.272852 1.815299 0.589697 1.890230 2.246888 1.624434 18.487154 -1.434188
121 30 Cyclist 0 0 -1.571540 685.346770 165.070667 710.950187 240.767065 1.815299 0.589697 1.890230 2.188163 1.640696 18.274269 -1.455153
122 30 Cyclist 0 0 -1.582023 684.309657 165.656284 710.225158 242.306072 1.815299 0.589697 1.890230 2.129438 1.656959 18.061384 -1.467463
123 30 Cyclist 0 0 -1.548866 681.493742 166.268950 707.715790 243.870504 1.815299 0.589697 1.890230 2.070713 1.673221 17.848499 -1.436179
124 30 Cyclist 0 0 -1.538806 679.686244 165.229024 706.971030 243.830579 1.815299 0.589697 1.890230 2.015254 1.651071 17.634902 -1.427826
125 30 Cyclist 0 0 -1.536734 678.160278 164.159592 705.934412 243.780982 1.815299 0.589697 1.890230 1.959794 1.628922 17.421304 -1.427504
126 30 Cyclist 0 0 -1.537509 676.713597 163.061203 704.763879 243.726972 1.815299 0.589697 1.890230 1.904335 1.606772 17.207707 -1.430072
127 30 Cyclist 0 0 -1.599469 676.066808 158.647461 705.110514 240.859968 1.815299 0.589697 1.890230 1.830553 1.513499 16.910371 -1.494365
128 30 Cyclist 0 0 -1.576723 674.317701 158.614147 702.347306 241.670315 1.815299 0.589697 1.890230 1.766864 1.515981 16.743388 -1.474296
129 30 Cyclist 0 0 -1.553923 671.207929 158.580688 699.517444 242.495618 1.815299 0.589697 1.890230 1.703176 1.518463 16.576405 -1.454226
130 30 Cyclist 0 0 -1.541903 668.790886 158.640983 697.745441 243.272542 1.815299 0.589697 1.890230 1.648665 1.522337 16.443605 -1.444648
131 30 Cyclist 0 0 -1.529843 666.334936 158.702468 696.521693 244.075825 1.815299 0.589697 1.890230 1.594154 1.526212 16.310804 -1.435070
132 30 Cyclist 0 0 -1.517742 663.839176 158.765174 695.277121 244.892939 1.815299 0.589697 1.890230 1.539643 1.530086 16.178003 -1.425492
133 30 Cyclist 0 0 -1.525890 663.589350 160.541734 694.695146 247.724980 1.815299 0.589697 1.890230 1.512341 1.570776 15.992937 -1.434287
134 30 Cyclist 0 0 -1.534023 663.334530 162.362323 694.099485 250.626791 1.815299 0.589697 1.890230 1.485038 1.611465 15.807871 -1.443082
135 30 Cyclist 0 0 -1.542140 663.074495 164.228568 693.489708 253.600953 1.815299 0.589697 1.890230 1.457736 1.652155 15.622804 -1.451877
136 30 Cyclist 0 0 -1.550241 662.809016 166.142174 693.300822 256.650172 1.815299 0.589697 1.890230 1.430434 1.692844 15.437738 -1.460672
137 30 Cyclist 0 0 -1.517881 661.378620 164.497062 694.675316 256.198118 1.815299 0.589697 1.890230 1.418845 1.661719 15.254816 -1.427978
138 30 Cyclist 0 0 -1.485529 659.933875 162.809370 696.514409 255.728471 1.815299 0.589697 1.890230 1.407255 1.630593 15.071894 -1.395285
139 30 Cyclist 0 0 -1.453185 658.476203 161.077745 698.382571 255.240580 1.815299 0.589697 1.890230 1.395665 1.599468 14.888972 -1.362592
140 30 Cyclist 0 0 -1.330883 656.659819 164.909924 707.286569 259.556879 1.815299 0.589697 1.890230 1.466121 1.672911 14.822442 -1.235327
141 30 Cyclist 0 0 -1.370813 662.833565 164.205766 710.473222 259.608014 1.815299 0.589697 1.890230 1.549699 1.661063 14.713311 -1.269040
142 30 Cyclist 0 0 -1.410825 669.151849 163.491675 713.673271 259.653426 1.815299 0.589697 1.890230 1.633277 1.649215 14.604179 -1.302753
143 30 Cyclist 0 0 -1.366989 671.737796 162.811594 720.486282 259.752517 1.815299 0.589697 1.890230 1.716856 1.637366 14.495047 -1.252533
144 30 Cyclist 0 0 -1.323238 674.421784 162.123781 727.369084 259.838408 1.815299 0.589697 1.890230 1.800434 1.625518 14.385916 -1.202313
145 30 Cyclist 0 0 -1.279574 677.210028 161.428355 734.320971 259.910689 1.815299 0.589697 1.890230 1.884012 1.613670 14.276784 -1.152092
146 30 Cyclist 0 0 -1.254971 682.931477 161.573250 742.586521 260.785911 1.815299 0.589697 1.890230 2.008234 1.617475 14.174468 -1.118162
147 30 Cyclist 0 0 -1.230476 688.758191 161.721809 750.961644 261.667118 1.815299 0.589697 1.890230 2.132456 1.621281 14.072151 -1.084232
148 30 Cyclist 0 0 -1.206090 694.692623 161.874047 759.448945 262.554233 1.815299 0.589697 1.890230 2.256677 1.625086 13.969835 -1.050301
149 30 Cyclist 0 0 -1.155210 700.918656 162.047696 770.509394 263.611566 1.815299 0.589697 1.890230 2.401711 1.629125 13.841495 -0.988037
150 30 Cyclist 0 0 -1.104493 707.367048 162.229015 781.719669 264.662675 1.815299 0.589697 1.890230 2.546744 1.633164 13.713156 -0.925772
151 30 Cyclist 0 0 -1.053940 714.047792 162.417804 793.081304 265.706837 1.815299 0.589697 1.890230 2.691778 1.637203 13.584817 -0.863508
152 30 Cyclist 0 0 -1.054821 725.033298 161.152147 804.975162 265.423711 1.815299 0.589697 1.890230 2.880046 1.616681 13.459582 -0.849519
153 30 Cyclist 0 0 -1.055882 736.221048 159.862412 817.097393 265.133882 1.815299 0.589697 1.890230 3.068315 1.596159 13.334347 -0.835531
154 30 Cyclist 0 0 -1.057118 747.616277 158.547952 829.455008 264.837175 1.815299 0.589697 1.890230 3.256584 1.575636 13.209112 -0.821543
155 30 Cyclist 0 0 -1.058526 759.224408 157.208095 842.055307 264.533405 1.815299 0.589697 1.890230 3.444852 1.555114 13.083877 -0.807554
156 30 Cyclist 0 0 -1.036702 772.571688 156.682607 858.633047 265.360265 1.815299 0.589697 1.890230 3.666664 1.549049 12.913365 -0.766946
157 30 Cyclist 0 0 -1.015168 786.285257 156.146131 875.664978 266.197415 1.815299 0.589697 1.890230 3.888476 1.542984 12.742852 -0.726338
158 30 Cyclist 0 0 -0.993917 800.377334 155.598335 893.172855 267.045152 1.815299 0.589697 1.890230 4.110288 1.536918 12.572340 -0.685730
159 30 Cyclist 0 0 -0.972941 814.860702 155.038866 911.179788 267.903807 1.815299 0.589697 1.890230 4.332100 1.530853 12.401828 -0.645122
160 30 Cyclist 0 0 -0.986451 833.415307 156.830922 931.046605 271.614776 1.815299 0.589697 1.890230 4.587069 1.563876 12.202704 -0.635697
161 30 Cyclist 0 0 -1.000305 852.577551 158.684868 951.579875 275.453274 1.815299 0.589697 1.890230 4.842038 1.596898 12.003580 -0.626272
162 30 Cyclist 0 0 -1.014485 872.377434 160.603922 972.814028 279.425953 1.815299 0.589697 1.890230 5.097007 1.629921 11.804456 -0.616848
163 30 Cyclist 0 0 -1.036306 894.939618 160.145673 996.093641 280.856665 1.815299 0.589697 1.890230 5.390790 1.625889 11.629477 -0.612767
164 30 Cyclist 0 0 -1.058282 918.193534 159.672658 1020.080711 282.333489 1.815299 0.589697 1.890230 5.684573 1.621857 11.454499 -0.608686
165 30 Cyclist 0 0 -1.080377 942.171415 159.184150 1044.808047 283.858692 1.815299 0.589697 1.890230 5.978357 1.617826 11.279521 -0.604604
166 30 Cyclist 0 0 -1.102557 966.907539 158.679377 1070.310530 285.434693 1.815299 0.589697 1.890230 6.272140 1.613794 11.104543 -0.600523
167 30 Cyclist 0 0 -1.124784 992.438362 158.157515 1096.625243 287.064072 1.815299 0.589697 1.890230 6.565924 1.609762 10.929564 -0.596442
168 30 Cyclist 0 0 -1.147024 1018.802747 157.617680 1123.791708 288.749591 1.815299 0.589697 1.890230 6.859707 1.605730 10.754586 -0.592361
169 30 Cyclist 0 0 -1.121814 1043.840068 157.589927 1155.503028 290.576645 1.815299 0.589697 1.890230 7.163332 1.607528 10.582052 -0.540332
170 30 Cyclist 0 0 -1.096511 1069.632515 157.564676 1188.401846 292.431644 1.815299 0.589697 1.890230 7.466956 1.609327 10.409518 -0.488303
171 30 Cyclist 0 0 -1.071077 1096.211230 157.541741 1222.560631 294.315685 1.815299 0.589697 1.890230 7.770581 1.611125 10.236984 -0.436275
172 30 Cyclist 0 0 -1.045476 1123.609633 157.520917 1241.000000 296.230033 1.815299 0.589697 1.890230 8.074206 1.612923 10.064450 -0.384246
173 30 Cyclist 0 0 -1.019673 1151.863617 157.501970 1241.000000 298.176138 1.815299 0.589697 1.890230 8.377830 1.614722 9.891916 -0.332217
174 30 Cyclist 1 0 -0.993635 1181.011863 157.461847 1241.000000 300.155657 1.815299 0.589697 1.890230 8.681455 1.616520 9.719382 -0.280188
210 41 Pedestrian 0 0 1.723332 729.343268 184.751470 749.343267 240.467536 1.536093 0.726859 0.510908 3.450474 1.876709 20.307242 1.888322
211 41 Pedestrian 0 0 1.720075 730.625055 184.032811 752.566438 241.351615 1.536093 0.726859 0.510908 3.420497 1.847593 19.742969 1.888191
212 41 Pedestrian 0 0 1.716640 731.726165 183.272191 755.059498 242.288689 1.536093 0.726859 0.510908 3.390519 1.818477 19.178696 1.888061
213 41 Pedestrian 0 0 1.713012 731.575469 182.465825 757.914612 243.283672 1.536093 0.726859 0.510908 3.360542 1.789361 18.614422 1.887930
214 41 Pedestrian 0 0 1.709174 731.406102 181.609458 760.072769 244.342101 1.536093 0.726859 0.510908 3.330564 1.760245 18.050149 1.887799
215 41 Pedestrian 0 0 1.705105 733.593944 180.698291 763.869655 245.470247 1.536093 0.726859 0.510908 3.300587 1.731130 17.485876 1.887668
216 41 Pedestrian 0 0 1.699147 734.269713 179.507740 765.269713 246.819430 1.536093 0.726859 0.510908 3.219768 1.695972 16.829395 1.884020
217 41 Pedestrian 0 0 1.693007 737.148821 178.221661 768.899316 248.280392 1.536093 0.726859 0.510908 3.138949 1.660815 16.172915 1.880371
218 41 Pedestrian 0 0 1.686663 740.085825 176.790909 771.419158 249.867624 1.536093 0.726859 0.510908 3.058130 1.625657 15.516434 1.876722
219 41 Pedestrian 0 0 1.680087 742.200084 175.222133 776.008744 251.598238 1.536093 0.726859 0.510908 2.977312 1.590500 14.859954 1.873074
220 41 Pedestrian 0 0 1.673251 744.196491 173.505093 779.196491 253.492581 1.536093 0.726859 0.510908 2.896493 1.555343 14.203474 1.869425
221 41 Pedestrian 0 0 1.669089 748.060058 175.459774 784.365078 259.362232 1.536093 0.726859 0.510908 2.828404 1.590587 13.557354 1.869425
222 41 Pedestrian 0 0 1.664529 751.687002 177.615261 787.687001 265.835645 1.536093 0.726859 0.510908 2.760315 1.625831 12.911234 1.869425
223 41 Pedestrian 0 0 1.657590 758.357273 178.827981 795.267485 271.920574 1.536093 0.726859 0.510908 2.715664 1.642093 12.258030 1.869425
224 41 Pedestrian 0 0 1.649913 764.747875 180.157472 800.747876 278.711709 1.536093 0.726859 0.510908 2.671014 1.658355 11.604826 1.869425
225 41 Pedestrian 0 0 1.639906 767.986119 178.598844 813.996456 283.194836 1.536093 0.726859 0.510908 2.642120 1.627714 10.947105 1.869425
226 41 Pedestrian 0 0 1.628709 771.060636 176.784915 825.060638 288.271189 1.536093 0.726859 0.510908 2.613226 1.597072 10.289385 1.869425
227 41 Pedestrian 0 0 1.614943 782.054823 176.774721 840.417279 296.326833 1.536093 0.726859 0.510908 2.593570 1.593287 9.618690 1.869425
228 41 Pedestrian 0 0 1.598816 794.419311 179.279479 853.419312 308.255520 1.536093 0.726859 0.510908 2.578673 1.620370 8.946306 1.869425
229 41 Pedestrian 0 0 1.580336 808.439996 182.110091 875.788697 322.208196 1.536093 0.726859 0.510908 2.563776 1.647453 8.273923 1.869425
230 41 Pedestrian 0 0 1.561887 821.080500 182.280967 891.413834 335.220468 1.536093 0.726859 0.510908 2.525376 1.640762 7.609024 1.869425
231 41 Pedestrian 0 0 1.540322 837.224831 182.483847 919.208720 350.856188 1.536093 0.726859 0.510908 2.486976 1.634071 6.944125 1.869425
232 41 Pedestrian 0 0 1.514808 853.659169 183.077071 939.659170 370.376757 1.536093 0.726859 0.510908 2.448608 1.630488 6.279193 1.869425
232 43 Pedestrian 0 0 1.607124 579.346309 173.128882 597.346309 223.305676 1.699760 0.702512 0.686773 -0.800890 1.716587 24.886152 1.574560
233 41 Pedestrian 0 0 1.484638 881.122808 184.853065 977.933002 374.000000 1.536093 0.726859 0.510908 2.404758 1.635165 5.607958 1.869425
233 42 Pedestrian 0 0 -1.610741 593.314884 177.823164 613.027014 221.578852 1.580344 0.674878 0.865931 -0.293083 1.769274 26.621448 -1.622375
233 43 Pedestrian 0 0 1.612966 574.962074 172.701396 593.427274 224.291475 1.699760 0.702512 0.686773 -0.922533 1.702177 24.213578 1.574560
234 41 Pedestrian 0 0 1.447743 911.132948 187.097225 1005.466279 374.000000 1.536093 0.726859 0.510908 2.360909 1.639842 4.936722 1.869425
234 42 Pedestrian 0 0 -1.613937 590.828460 178.771595 606.161793 223.195748 1.580344 0.674878 0.865931 -0.435502 1.800577 26.231149 -1.631121
234 43 Pedestrian 0 0 1.620040 569.319850 173.892160 587.653184 226.979575 1.699760 0.702512 0.686773 -1.065260 1.740633 23.540537 1.574560
234 46 Pedestrian 0 0 1.466545 737.398167 168.082029 752.398167 213.718616 1.919323 0.643639 1.084147 5.762154 1.727066 30.973408 1.648173
234 47 Pedestrian 0 0 1.401777 759.153798 169.562445 773.820465 213.092747 1.826385 0.765883 1.010803 6.642514 1.697134 30.896971 1.611009
235 41 Pedestrian 0 0 1.401738 934.667428 190.022772 1095.739910 374.000000 1.536093 0.726859 0.510908 2.317059 1.644519 4.265487 1.869425
235 42 Pedestrian 0 0 -1.616967 586.652530 179.748889 602.961540 224.862638 1.580344 0.674878 0.865931 -0.577922 1.831879 25.840850 -1.639866
235 43 Pedestrian 0 0 1.627521 563.068107 175.154027 583.900635 229.828291 1.699760 0.702512 0.686773 -1.207987 1.779090 22.867497 1.574560
235 46 Pedestrian 0 0 1.460457 736.860015 169.499193 753.237581 216.067330 1.919323 0.643639 1.084147 5.638045 1.789676 30.364588 1.641675
235 47 Pedestrian 0 0 1.395823 756.903758 170.259850 773.425162 214.693143 1.826385 0.765883 1.010803 6.470034 1.728735 30.280460 1.603744
236 41 Pedestrian 0 0 1.343063 981.663789 189.236301 1185.570592 374.000000 1.536093 0.726859 0.510908 2.272948 1.624465 3.594510 1.869425
236 42 Pedestrian 0 0 -1.604446 582.331324 179.247303 599.331324 225.116426 1.580344 0.674878 0.865931 -0.717539 1.810434 25.420151 -1.633135
236 43 Pedestrian 0 0 1.635032 556.427377 175.268478 579.094044 231.625634 1.699760 0.702512 0.686773 -1.341831 1.780415 22.194808 1.574560
236 46 Pedestrian 0 0 1.455215 735.792313 169.508953 753.125647 217.056117 1.919323 0.643639 1.084147 5.486674 1.792933 29.751377 1.635178
236 47 Pedestrian 0 0 1.389924 754.274445 170.986620 772.274445 216.361466 1.826385 0.765883 1.010803 6.297553 1.760336 29.663948 1.596478
237 41 Pedestrian 1 0 1.266284 1047.809530 188.107114 1241.000000 374.000000 1.536093 0.726859 0.510908 2.228837 1.604411 2.923533 1.869425
237 42 Pedestrian 0 0 -1.591734 577.575105 178.728472 595.922710 225.378828 1.580344 0.674878 0.865931 -0.857157 1.788988 24.999452 -1.626404
237 43 Pedestrian 0 0 1.644244 549.582773 173.969112 573.365251 232.113542 1.699760 0.702512 0.686773 -1.503427 1.739991 21.522664 1.574560
237 46 Pedestrian 0 0 1.450026 735.328686 169.519142 752.234182 218.087404 1.919323 0.643639 1.084147 5.335302 1.796190 29.138167 1.628680
237 47 Pedestrian 0 0 1.385656 753.175249 169.636720 771.054248 215.955480 1.826385 0.765883 1.010803 6.080760 1.708404 29.071086 1.589213
238 41 Pedestrian 1 0 1.162991 1147.803292 187.323713 1241.000000 374.000000 1.536093 0.726859 0.510908 2.184725 1.584358 2.252556 1.869425
238 42 Pedestrian 0 0 -1.566700 570.679609 177.546119 590.346276 224.982770 1.580344 0.674878 0.865931 -1.052148 1.745934 24.586641 -1.609752
238 43 Pedestrian 0 0 1.654030 542.185016 172.584649 566.185016 232.633428 1.699760 0.702512 0.686773 -1.665022 1.699567 20.850520 1.574560
238 46 Pedestrian 0 0 1.446569 733.309548 167.969074 749.309548 217.593696 1.919323 0.643639 1.084147 5.134365 1.738865 28.530775 1.622183
238 47 Pedestrian 0 0 1.381515 751.900499 168.229912 769.233832 215.532167 1.826385 0.765883 1.010803 5.863966 1.656472 28.478223 1.581947
239 42 Pedestrian 0 0 -1.566377 564.403874 177.449721 583.250053 225.748999 1.580344 0.674878 0.865931 -1.262210 1.739998 24.157802 -1.618751
239 43 Pedestrian 0 0 1.666239 533.735717 171.955152 557.767765 234.038189 1.699760 0.702512 0.686773 -1.863473 1.682496 20.178281 1.574560
239 46 Pedestrian 0 0 1.443247 730.305667 166.350488 747.675220 217.077982 1.919323 0.643639 1.084147 4.933429 1.681539 27.923383 1.615685
239 47 Pedestrian 0 0 1.377510 749.194206 166.762525 766.736623 215.090397 1.826385 0.765883 1.010803 5.647172 1.604540 27.885360 1.574682
240 42 Pedestrian 0 0 -1.565731 557.664574 177.349820 575.331241 226.543565 1.580344 0.674878 0.865931 -1.472272 1.734062 23.728963 -1.627749
240 43 Pedestrian 0 0 1.656287 524.671153 171.910519 547.671152 236.315395 1.699760 0.702512 0.686773 -2.052437 1.682183 19.468857 1.551872
240 46 Pedestrian 0 0 1.439751 726.674359 165.573418 745.007692 217.589602 1.919323 0.643639 1.084147 4.706264 1.658875 27.245916 1.608352
240 47 Pedestrian 0 0 1.374185 745.584336 166.701180 762.917670 216.163473 1.826385 0.765883 1.010803 5.409115 1.607542 27.258524 1.567417
241 42 Pedestrian 0 0 -1.540009 550.275288 177.784877 567.604655 227.935464 1.580344 0.674878 0.865931 -1.689752 1.745023 23.281032 -1.612389
241 43 Pedestrian 0 0 1.647246 513.751458 171.862649 538.280559 238.769470 1.699760 0.702512 0.686773 -2.241401 1.681870 18.759433 1.529183
241 46 Pedestrian 0 0 1.436453 723.901606 164.756067 741.833363 218.127896 1.919323 0.643639 1.084147 4.479099 1.636210 26.568448 1.601018
241 47 Pedestrian 0 0 1.371049 741.676348 166.636927 760.730333 217.288227 1.826385 0.765883 1.010803 5.171058 1.610544 26.631688 1.560151
242 42 Pedestrian 0 0 -1.513901 542.390701 178.237563 558.724034 229.382186 1.580344 0.674878 0.865931 -1.907231 1.755985 22.833100 -1.597028
242 43 Pedestrian 0 0 1.638047 502.561826 171.169420 527.895159 240.773650 1.699760 0.702512 0.686773 -2.408907 1.665767 18.051070 1.506495
242 46 Pedestrian 0 0 1.432178 721.528547 165.119270 738.528547 219.808281 1.919323 0.643639 1.084147 4.292906 1.656023 25.942464 1.593685
242 47 Pedestrian 0 0 1.367214 738.214974 166.552599 758.548307 218.489914 1.826385 0.765883 1.010803 4.954065 1.613110 25.985999 1.552886
243 42 Pedestrian 0 0 -1.499208 534.210017 177.022423 552.011254 229.173378 1.580344 0.674878 0.865931 -2.102302 1.715692 22.398881 -1.592428
243 43 Pedestrian 0 0 1.629877 492.381569 170.419456 518.998630 242.946135 1.699760 0.702512 0.686773 -2.576413 1.649664 17.342707 1.483807
243 46 Pedestrian 0 0 1.428055 718.663054 165.500771 736.578917 221.573839 1.919323 0.643639 1.084147 4.106713 1.675836 25.316480 1.586351
243 47 Pedestrian 0 0 1.363555 735.810408 166.463931 757.594844 219.754318 1.826385 0.765883 1.010803 4.737072 1.615677 25.340310 1.545621
244 42 Pedestrian 0 0 -1.517766 526.453675 177.110931 545.120341 230.408783 1.580344 0.674878 0.865931 -2.282775 1.715729 21.934246 -1.620962
244 43 Pedestrian 0 0 1.621368 481.919707 170.645795 508.919706 246.345612 1.699760 0.702512 0.686773 -2.718252 1.657130 16.636449 1.461118
244 46 Pedestrian 0 0 1.424982 714.964225 165.631593 733.297558 223.160395 1.919323 0.643639 1.084147 3.897782 1.686591 24.690605 1.579018
244 47 Pedestrian 0 0 1.360089 733.160511 166.370578 755.827178 221.086481 1.826385 0.765883 1.010803 4.520079 1.618243 24.694621 1.538355
245 42 Pedestrian 0 0 -1.535921 518.085551 177.203413 538.766074 231.698913 1.580344 0.674878 0.865931 -2.463247 1.715767 21.469611 -1.649496
245 43 Pedestrian 0 0 1.614021 469.654129 170.892494 498.196233 250.056146 1.699760 0.702512 0.686773 -2.860091 1.664597 15.930190 1.438430
245 46 Pedestrian 0 0 1.422134 712.480992 165.769369 730.244651 224.831633 1.919323 0.643639 1.084147 3.688850 1.697346 24.064730 1.571684
245 47 Pedestrian 0 0 1.355848 731.024905 166.169434 753.536596 222.416007 1.826385 0.765883 1.010803 4.325665 1.617557 24.037658 1.531090
246 42 Pedestrian 0 0 -1.500039 508.696795 177.304891 531.363462 232.972511 1.580344 0.674878 0.865931 -2.638625 1.715891 21.020544 -1.624096
246 43 Pedestrian 0 0 1.629561 456.189124 171.213381 485.189125 254.248653 1.699760 0.702512 0.686773 -2.980662 1.673207 15.205754 1.438430
246 46 Pedestrian 0 0 1.416973 711.538626 165.248976 728.205293 226.161093 1.919323 0.643639 1.084147 3.528622 1.687877 23.351279 1.564350
246 47 Pedestrian 0 0 1.351780 728.696541 165.956830 750.363208 223.822197 1.826385 0.765883 1.010803 4.131250 1.616871 23.380695 1.523825
247 42 Pedestrian 0 0 -1.621343 502.199052 177.386519 527.394169 234.353678 1.580344 0.674878 0.865931 -2.783420 1.715800 20.582363 -1.754795
247 43 Pedestrian 0 0 1.646858 441.557163 169.867004 475.890636 257.160788 1.699760 0.702512 0.686773 -3.106696 1.648344 14.480989 1.438430
247 46 Pedestrian 0 0 1.411949 708.952089 164.695156 728.763025 227.576627 1.919323 0.643639 1.084147 3.368394 1.678407 22.637829 1.557017
247 47 Pedestrian 0 0 1.347897 726.058196 165.731759 748.900763 225.311879 1.826385 0.765883 1.010803 3.936836 1.616184 22.723732 1.516559
248 42 Pedestrian 0 0 -1.742270 492.476571 177.474940 520.143237 235.776613 1.580344 0.674878 0.865931 -2.928216 1.715709 20.144181 -1.885494
248 43 Pedestrian 0 0 1.665796 424.898426 168.375878 462.565093 260.388593 1.699760 0.702512 0.686773 -3.232729 1.623481 13.756224 1.438430
248 44 Pedestrian 0 0 1.388989 464.961143 172.134364 491.961143 246.424004 1.673278 0.618982 0.946660 -3.131624 1.665279 16.834294 1.207106
248 46 Pedestrian 0 0 1.405859 706.636280 164.596396 728.969613 229.494802 1.919323 0.643639 1.084147 3.239962 1.683214 21.952267 1.549683
248 47 Pedestrian 0 0 1.344218 722.869508 165.493088 746.202840 226.892716 1.826385 0.765883 1.010803 3.742421 1.615498 22.066769 1.509294
249 42 Pedestrian 0 0 -1.601547 488.688891 177.122573 512.442264 236.690910 1.580344 0.674878 0.865931 -3.070305 1.703201 19.704136 -1.754820
249 43 Pedestrian 0 0 1.685261 409.619363 167.477009 448.559846 264.736946 1.699760 0.702512 0.686773 -3.340232 1.612069 13.033762 1.438430
249 44 Pedestrian 0 0 1.399974 457.018151 171.694484 484.991794 249.458586 1.673278 0.618982 0.946660 -3.184303 1.656378 16.105361 1.207106
249 46 Pedestrian 0 0 1.399848 704.689604 164.491163 727.294865 231.540264 1.919323 0.643639 1.084147 3.111530 1.688020 21.266704 1.542350
249 47 Pedestrian 0 0 1.338085 722.282605 165.858775 745.877538 229.227472 1.826385 0.765883 1.010803 3.654459 1.632910 21.398642 1.504203
250 42 Pedestrian 0 0 -1.765004 480.134767 177.910522 503.134767 239.122760 1.580344 0.674878 0.865931 -3.182936 1.721267 19.217527 -1.927671
250 43 Pedestrian 0 0 1.704644 393.584968 167.483217 430.918301 270.604543 1.699760 0.702512 0.686773 -3.420227 1.617531 12.314756 1.438430
250 44 Pedestrian 0 0 1.411928 447.747626 171.212034 475.747626 252.791548 1.673278 0.618982 0.946660 -3.236983 1.647477 15.376428 1.207106
250 46 Pedestrian 0 0 1.393925 702.547567 164.378798 724.547567 233.726118 1.919323 0.643639 1.084147 2.983099 1.692826 20.581142 1.535016
250 47 Pedestrian 0 0 1.331887 721.284162 166.248499 744.284162 231.717035 1.826385 0.765883 1.010803 3.566497 1.650322 20.730515 1.499111
251 42 Pedestrian 0 0 -1.928011 471.384825 178.739861 496.677279 241.639876 1.580344 0.674878 0.865931 -3.295566 1.739333 18.730918 -2.100521
251 43 Pedestrian 0 0 1.725145 375.833120 167.489638 417.065592 277.208182 1.699760 0.702512 0.686773 -3.487964 1.622971 11.597379 1.438430
251 44 Pedestrian 0 0 1.422582 437.555339 172.079997 468.429491 257.813787 1.673278 0.618982 0.946660 -3.254692 1.666366 14.660395 1.207106
251 46 Pedestrian 0 0 1.389926 704.187393 164.935771 726.940749 236.638540 1.919323 0.643639 1.084147 2.926158 1.715531 19.923823 1.532774
251 47 Pedestrian 0 0 1.325616 721.690061 166.664709 743.970003 234.377328 1.826385 0.765883 1.010803 3.478535 1.667734 20.062388 1.494020
252 42 Pedestrian 0 0 -2.068857 462.826100 179.610213 486.826102 244.179386 1.580344 0.674878 0.865931 -3.387293 1.757493 18.262453 -2.250426
252 43 Pedestrian 0 0 1.746167 356.028294 167.503156 398.028295 284.688969 1.699760 0.702512 0.686773 -3.534246 1.628482 10.882853 1.438430
252 44 Pedestrian 0 0 1.463363 428.464632 172.716882 461.131298 262.972439 1.673278 0.618982 0.946660 -3.249347 1.679204 13.953219 1.237897
252 46 Pedestrian 0 0 1.384708 706.581683 165.528817 729.248350 239.749591 1.919323 0.643639 1.084147 2.891360 1.738152 19.267320 1.530532
252 47 Pedestrian 0 0 1.319372 724.455226 167.429117 745.121893 237.632679 1.826385 0.765883 1.010803 3.453151 1.693706 19.370540 1.492320
253 42 Pedestrian 0 0 -2.209266 453.606607 180.523901 482.895266 246.810955 1.580344 0.674878 0.865931 -3.479020 1.775654 17.793988 -2.400331
253 43 Pedestrian 0 0 1.769725 335.061567 167.518627 385.569143 293.262357 1.699760 0.702512 0.686773 -3.580528 1.633993 10.168328 1.438430
253 44 Pedestrian 0 0 1.505136 423.662942 173.425365 456.027208 268.698468 1.673278 0.618982 0.946660 -3.244001 1.692041 13.246042 1.268687
253 46 Pedestrian 0 0 1.379287 708.911060 166.164823 734.390797 243.087064 1.919323 0.643639 1.084147 2.856562 1.760773 18.610818 1.528290
253 47 Pedestrian 0 0 1.312805 728.572078 168.251495 755.022230 241.136451 1.826385 0.765883 1.010803 3.427766 1.719678 18.678692 1.490620
254 42 Pedestrian 0 0 -2.203603 448.097316 180.620245 480.763983 248.660905 1.580344 0.674878 0.865931 -3.496962 1.773248 17.349991 -2.400331
254 43 Pedestrian 0 0 1.792502 312.604708 167.684411 367.604707 303.540760 1.699760 0.702512 0.686773 -3.579921 1.641484 9.440150 1.438430
254 44 Pedestrian 0 0 1.548051 417.662686 174.218093 449.662686 275.090798 1.673278 0.618982 0.946660 -3.238656 1.704878 12.538865 1.299477
254 46 Pedestrian 0 0 1.373640 710.905121 166.848631 738.238455 246.676612 1.919323 0.643639 1.084147 2.821763 1.783394 17.954316 1.526048
254 47 Pedestrian 0 0 1.305878 732.361521 169.138697 763.694855 244.918208 1.826385 0.765883 1.010803 3.402382 1.745650 17.986844 1.488920
255 42 Pedestrian 0 0 -2.197662 443.730653 180.721657 476.482694 250.611221 1.580344 0.674878 0.865931 -3.514904 1.770842 16.905995 -2.400331
255 43 Pedestrian 0 0 1.818490 287.230672 167.878807 354.807440 315.616586 1.699760 0.702512 0.686773 -3.579315 1.648975 8.711973 1.438430
255 44 Pedestrian 0 0 1.582661 403.790667 174.002892 439.202223 281.310990 1.673278 0.618982 0.946660 -3.213226 1.700086 11.815761 1.321866
255 46 Pedestrian 0 0 1.357094 719.528751 166.478914 749.891358 249.834364 1.919323 0.643639 1.084147 2.857898 1.780938 17.219230 1.517813
255 47 Pedestrian 0 0 1.297111 739.985215 168.616824 772.292904 247.711078 1.826385 0.765883 1.010803 3.426043 1.737265 17.254803 1.488920
256 42 Pedestrian 0 0 -2.191421 438.980513 180.828547 470.980513 252.670298 1.580344 0.674878 0.865931 -3.532845 1.768435 16.461999 -2.400331
256 43 Pedestrian 0 0 1.844744 258.543470 168.103831 332.543469 329.904897 1.699760 0.702512 0.686773 -3.544996 1.656371 7.988277 1.438430
256 44 Pedestrian 0 0 1.618730 387.157247 173.758550 423.823914 288.375206 1.673278 0.618982 0.946660 -3.187797 1.695294 11.092656 1.344255
256 46 Pedestrian 0 0 1.339846 728.292929 166.075370 759.959597 253.284394 1.919323 0.643639 1.084147 2.894032 1.778482 16.484145 1.509579
256 47 Pedestrian 0 0 1.287614 747.631363 168.047411 779.298029 250.759662 1.826385 0.765883 1.010803 3.449705 1.728880 16.522762 1.488920
257 42 Pedestrian 0 0 -2.184858 439.759170 180.941371 471.524806 254.847495 1.580344 0.674878 0.865931 -3.550787 1.766029 16.018002 -2.400331
257 43 Pedestrian 0 0 1.875270 230.595576 168.375442 311.876430 347.198853 1.699760 0.702512 0.686773 -3.510677 1.663767 7.264581 1.438430
257 44 Pedestrian 0 0 1.656528 371.784453 173.478673 415.486411 296.467755 1.673278 0.618982 0.946660 -3.162367 1.690503 10.369552 1.366644
257 46 Pedestrian 0 0 1.321804 732.943182 165.633131 766.687784 257.069250 1.919323 0.643639 1.084147 2.930166 1.776026 15.749059 1.501345
257 47 Pedestrian 0 0 1.274645 757.605161 167.913921 791.880548 254.573167 1.826385 0.765883 1.010803 3.518890 1.730894 15.794328 1.488920
257 65 Pedestrian 0 1 1.646474 394.541139 177.916817 433.316188 265.925512 1.629934 0.641718 0.916333 -3.815204 1.733503 13.920927 1.383006
258 42 Pedestrian 0 0 -2.177949 440.139590 181.060639 470.806255 257.153277 1.580344 0.674878 0.865931 -3.568728 1.763623 15.574006 -2.400331
258 43 Pedestrian 0 0 1.909342 193.638044 166.318114 272.304708 366.054611 1.699760 0.702512 0.686773 -3.462173 1.650369 6.543018 1.438430
258 44 Pedestrian 0 0 1.696601 355.049285 172.597054 401.049286 305.144454 1.673278 0.618982 0.946660 -3.109205 1.678551 9.654230 1.392006
258 46 Pedestrian 0 0 1.302859 737.349787 165.146346 771.016454 261.240157 1.919323 0.643639 1.084147 2.966300 1.773569 15.013974 1.493111
258 47 Pedestrian 0 0 1.260530 767.669102 167.767125 802.669101 258.768940 1.826385 0.765883 1.010803 3.588075 1.732908 15.065895 1.488920
258 65 Pedestrian 0 1 1.623468 396.206267 176.803484 425.539600 269.777789 1.629934 0.641718 0.916333 -3.701851 1.708751 13.208218 1.354579
259 42 Pedestrian 0 0 -2.136032 433.119036 180.234295 464.250182 258.922633 1.580344 0.674878 0.865931 -3.510987 1.740720 15.077613 -2.361771
259 43 Pedestrian 0 0 1.949882 154.076361 163.725632 248.156583 374.000000 1.699760 0.702512 0.686773 -3.413669 1.636972 5.821454 1.438430
259 44 Pedestrian 0 0 1.738788 341.698578 171.566150 395.220145 315.277650 1.673278 0.618982 0.946660 -3.056043 1.666600 8.938909 1.417368
259 46 Pedestrian 0 0 1.278611 749.820472 162.524720 785.626150 263.580661 1.919323 0.643639 1.084147 3.072098 1.730944 14.303867 1.484876
259 47 Pedestrian 0 0 1.240901 780.462349 165.365131 820.360319 261.113343 1.826385 0.765883 1.010803 3.723731 1.691753 14.343388 1.488920
259 65 Pedestrian 0 1 1.601047 390.668238 175.561965 426.094091 274.089282 1.629934 0.641718 0.916333 -3.588497 1.684000 12.495509 1.326152
260 42 Pedestrian 0 0 -2.093897 425.355621 179.349466 456.355622 260.813340 1.580344 0.674878 0.865931 -3.453245 1.717817 14.581220 -2.323210
260 43 Pedestrian 0 0 1.998744 92.844612 160.357971 188.844614 374.000000 1.699760 0.702512 0.686773 -3.365165 1.623574 5.099890 1.438430
260 44 Pedestrian 0 0 1.783567 323.268152 170.344511 377.934819 327.267832 1.673278 0.618982 0.946660 -3.002881 1.654649 8.223587 1.442730
260 46 Pedestrian 0 0 1.252848 762.738387 159.620301 798.071720 266.176890 1.919323 0.643639 1.084147 3.177897 1.688318 13.593760 1.476642
260 47 Pedestrian 0 0 1.219457 793.377398 162.699597 835.710730 263.716571 1.826385 0.765883 1.010803 3.859386 1.650597 13.620882 1.488920
260 65 Pedestrian 0 0 1.579311 383.982421 174.168814 424.649086 278.947418 1.629934 0.641718 0.916333 -3.475144 1.659248 11.782799 1.297725
261 42 Pedestrian 0 0 -2.051521 421.583839 178.399686 453.355924 262.838431 1.580344 0.674878 0.865931 -3.395504 1.694914 14.084828 -2.284649
261 43 Pedestrian 0 0 2.058462 0.000000 155.806334 162.355237 374.000000 1.699760 0.702512 0.686773 -3.316661 1.610177 4.378326 1.438430
261 44 Pedestrian 0 0 1.831566 305.026953 168.873779 370.290443 341.677138 1.673278 0.618982 0.946660 -2.949719 1.642698 7.508266 1.468091
261 46 Pedestrian 0 0 1.238349 775.484231 155.435938 818.859761 268.484994 1.919323 0.643639 1.084147 3.278686 1.630493 12.842007 1.481796
261 47 Pedestrian 0 0 1.201611 811.976576 158.183798 856.964203 265.317715 1.826385 0.765883 1.010803 3.965864 1.583484 12.869366 1.493177
261 65 Pedestrian 0 0 1.558385 376.765181 172.594495 422.992580 284.463320 1.629934 0.641718 0.916333 -3.361790 1.634497 11.070090 1.269298
262 42 Pedestrian 0 0 -2.008880 417.304478 177.377510 449.304478 265.012886 1.580344 0.674878 0.865931 -3.337762 1.672010 13.588435 -2.246088
262 44 Pedestrian 0 0 1.865256 278.789201 167.555658 346.122531 359.585479 1.673278 0.618982 0.946660 -2.898494 1.634927 6.804411 1.475409
262 46 Pedestrian 0 0 1.222330 788.395676 155.040973 837.062341 275.467696 1.919323 0.643639 1.084147 3.371525 1.642360 12.088978 1.486951
262 47 Pedestrian 0 0 1.180897 831.871836 158.007876 876.205168 272.150103 1.826385 0.765883 1.010803 4.078473 1.596097 12.110847 1.497433
262 65 Pedestrian 0 0 1.446605 365.437087 173.226004 414.437088 293.342780 1.629934 0.641718 0.916333 -3.235542 1.643386 10.357930 1.150154
263 42 Pedestrian 0 0 -1.965472 412.160818 177.934277 448.500905 268.642772 1.580344 0.674878 0.865931 -3.301058 1.679347 13.151026 -2.207527
263 44 Pedestrian 0 0 1.903997 247.239574 165.909536 328.585814 374.000000 1.673278 0.618982 0.946660 -2.847269 1.627157 6.100556 1.482728
263 46 Pedestrian 0 0 1.199950 812.200091 154.067934 865.985555 284.340093 1.919323 0.643639 1.084147 3.477920 1.649470 11.216696 1.492105
263 47 Pedestrian 0 0 1.157416 856.876515 157.807426 907.605018 279.938100 1.826385 0.765883 1.010803 4.191082 1.608711 11.352329 1.501689
263 65 Pedestrian 0 0 1.464568 356.423086 172.368102 410.952703 301.925801 1.629934 0.641718 0.916333 -3.117052 1.631892 9.640622 1.158893
264 42 Pedestrian 0 0 -1.921750 406.759351 178.532134 447.092686 272.527365 1.580344 0.674878 0.865931 -3.264354 1.686683 12.713618 -2.168966
264 44 Pedestrian 0 0 1.949309 198.267425 163.795575 282.267422 374.000000 1.673278 0.618982 0.946660 -2.796045 1.619386 5.396701 1.490046
264 46 Pedestrian 0 0 1.177808 835.150201 153.319100 888.816868 292.562473 1.919323 0.643639 1.084147 3.595962 1.656997 10.529125 1.497259
264 47 Pedestrian 0 0 1.130730 883.055414 157.576930 936.055412 288.897260 1.826385 0.765883 1.010803 4.303691 1.621325 10.593811 1.505946
264 65 Pedestrian 0 0 1.483901 345.594034 171.367099 402.927369 311.975810 1.629934 0.641718 0.916333 -2.998562 1.620397 8.923314 1.167632
265 42 Pedestrian 0 0 -1.861266 402.937843 178.191718 443.756487 275.940403 1.580344 0.674878 0.865931 -3.234183 1.677266 12.244512 -2.115078
265 44 Pedestrian 0 0 2.018952 90.811597 163.112873 268.816309 374.000000 1.673278 0.618982 0.946660 -2.765055 1.624868 4.646428 1.505868
265 46 Pedestrian 0 0 1.154328 858.983462 150.362822 916.308464 300.485454 1.919323 0.643639 1.084147 3.679855 1.638513 9.804668 1.502414
265 47 Pedestrian 0 0 1.100321 908.382234 157.309080 974.338449 299.313240 1.826385 0.765883 1.010803 4.416300 1.633938 9.835292 1.510202
265 65 Pedestrian 0 0 1.519531 329.947844 170.685529 395.362312 324.894549 1.629934 0.641718 0.916333 -2.928083 1.614512 8.181937 1.185032
266 42 Pedestrian 0 0 -1.800294 398.774781 177.823166 440.108115 279.622703 1.580344 0.674878 0.865931 -3.204012 1.667850 11.775406 -2.061190
266 44 Pedestrian 0 0 2.095733 0.000000 160.312737 218.009961 374.000000 1.673278 0.618982 0.946660 -2.759039 1.620456 3.962355 1.517514
266 46 Pedestrian 0 0 1.127145 883.893597 146.906236 939.226930 309.752612 1.919323 0.643639 1.084147 3.763747 1.620029 9.080211 1.507568
266 47 Pedestrian 0 0 1.065976 934.197838 153.083395 1007.197837 307.630966 1.826385 0.765883 1.010803 4.523630 1.599853 9.076932 1.514458
266 65 Pedestrian 0 0 1.558358 307.016736 169.861303 377.683400 340.577626 1.629934 0.641718 0.916333 -2.857605 1.608627 7.440560 1.202432
267 42 Pedestrian 0 0 -1.738779 389.733947 177.422748 433.533607 283.607552 1.580344 0.674878 0.865931 -3.173842 1.658433 11.306300 -2.007302
267 44 Pedestrian 1 0 2.189129 0.000000 156.155811 148.728150 374.000000 1.673278 0.618982 0.946660 -2.753023 1.616044 3.278282 1.529159
267 46 Pedestrian 0 0 1.097012 911.416728 142.683862 984.230434 321.307451 1.919323 0.643639 1.084147 3.819344 1.601438 8.325305 1.512722
267 47 Pedestrian 0 0 1.028275 973.595924 148.034132 1065.041263 317.580870 1.826385 0.765883 1.010803 4.611805 1.565741 8.317496 1.518714
267 65 Pedestrian 0 0 1.601281 280.254351 168.844332 363.841016 360.018625 1.629934 0.641718 0.916333 -2.787126 1.602742 6.699183 1.219833
268 42 Pedestrian 0 0 -1.676087 380.122535 175.086215 426.789200 286.003269 1.580344 0.674878 0.865931 -3.150246 1.621151 10.835471 -1.953413
268 46 Pedestrian 0 0 1.061495 940.278581 137.557564 1023.278584 335.344006 1.919323 0.643639 1.084147 3.874941 1.582847 7.570400 1.517876
268 47 Pedestrian 0 0 0.985031 1011.937561 145.100847 1111.937560 332.395349 1.826385 0.765883 1.010803 4.664619 1.562259 7.577868 1.518714
268 65 Pedestrian 0 0 1.649553 243.395907 167.557970 330.729241 374.000000 1.629934 0.641718 0.916333 -2.716648 1.596857 5.957807 1.237233
269 42 Pedestrian 0 0 -1.612297 374.451928 175.176734 420.599900 291.356357 1.580344 0.674878 0.865931 -3.129886 1.620973 10.362079 -1.899525
269 46 Pedestrian 0 0 1.034405 984.564054 133.520787 1075.650131 354.801746 1.919323 0.643639 1.084147 3.911035 1.584405 6.821784 1.535489
269 47 Pedestrian 0 0 0.935612 1065.946735 141.486950 1183.391561 350.679270 1.826385 0.765883 1.010803 4.717433 1.558777 6.838240 1.518714
269 65 Pedestrian 0 0 1.704967 197.971203 165.878724 317.090147 374.000000 1.629934 0.641718 0.916333 -2.646169 1.590972 5.216430 1.254633
270 42 Pedestrian 0 0 -1.547652 363.907786 175.278200 410.574452 297.220310 1.580344 0.674878 0.865931 -3.109525 1.620794 9.888688 -1.845637
270 46 Pedestrian 0 0 0.999678 1032.056747 128.389713 1118.056742 374.000000 1.919323 0.643639 1.084147 3.947129 1.585963 6.073167 1.553101
270 47 Pedestrian 0 0 0.878896 1102.554917 137.211827 1220.888246 373.813050 1.826385 0.765883 1.010803 4.770247 1.555294 6.098612 1.518714
270 65 Pedestrian 0 0 1.814592 122.759841 163.907473 252.426507 374.000000 1.629934 0.641718 0.916333 -2.582462 1.587203 4.471343 1.315032
271 42 Pedestrian 0 0 -1.482039 349.681204 175.392379 405.913202 303.672038 1.580344 0.674878 0.865931 -3.089164 1.620615 9.415297 -1.791749
271 46 Pedestrian 0 0 0.957750 1060.721897 121.831557 1241.000000 374.000000 1.919323 0.643639 1.084147 3.964371 1.587492 5.324068 1.570714
271 47 Pedestrian 1 0 0.813594 1157.577124 134.431581 1241.000000 374.000000 1.826385 0.765883 1.010803 4.823061 1.551812 5.358984 1.518714
271 65 Pedestrian 0 0 1.938409 6.772716 161.041474 229.278284 374.000000 1.629934 0.641718 0.916333 -2.518755 1.583434 3.726257 1.375430
272 42 Pedestrian 0 0 -1.494706 336.116743 176.697341 396.116745 312.127481 1.580344 0.674878 0.865931 -3.067770 1.634610 8.950888 -1.816858
272 46 Pedestrian 1 0 0.904395 1129.678877 116.264408 1241.000000 374.000000 1.919323 0.643639 1.084147 3.981614 1.589020 4.574970 1.588326
272 65 Pedestrian 1 0 2.087837 0.000000 163.993111 160.436993 374.000000 1.629934 0.641718 0.916333 -2.477459 1.606666 2.976402 1.435828
273 42 Pedestrian 0 0 -1.506176 330.071296 178.147382 389.657011 321.573310 1.580344 0.674878 0.865931 -3.046377 1.648605 8.486478 -1.841968
273 46 Pedestrian 1 0 0.836935 1221.970114 118.471846 1241.000000 374.000000 1.919323 0.643639 1.084147 3.998857 1.590549 3.825871 1.605938
274 42 Pedestrian 0 0 -1.516273 321.762562 179.767932 378.095896 332.194087 1.580344 0.674878 0.865931 -3.024983 1.662600 8.022069 -1.867078
275 42 Pedestrian 0 0 -1.526315 302.108045 183.501530 366.291365 347.739400 1.580344 0.674878 0.865931 -2.965459 1.695569 7.494338 -1.892188
276 42 Pedestrian 0 0 -1.533204 277.883745 181.430602 346.217080 356.743645 1.580344 0.674878 0.865931 -2.950850 1.669070 7.052316 -1.917297
277 42 Pedestrian 0 0 -1.538074 253.304637 179.005499 340.530013 367.058584 1.580344 0.674878 0.865931 -2.936241 1.642571 6.610293 -1.942407
278 42 Pedestrian 0 0 -1.465395 213.154404 174.274914 313.821073 374.000000 1.580344 0.674878 0.865931 -2.921802 1.599944 6.081151 -1.897471
279 42 Pedestrian 0 0 -1.386718 183.096000 175.354807 298.979603 374.000000 1.580344 0.674878 0.865931 -2.911115 1.606717 5.532958 -1.852536
280 42 Pedestrian 0 0 -1.306651 145.628696 175.540793 255.962029 374.000000 1.580344 0.674878 0.865931 -2.886676 1.606098 5.011624 -1.807600
281 42 Pedestrian 0 0 -1.220678 58.950604 175.777649 239.585054 374.000000 1.580344 0.674878 0.865931 -2.862236 1.605479 4.490289 -1.762665
282 42 Pedestrian 0 0 -1.127353 0.000000 176.088065 202.658843 374.000000 1.580344 0.674878 0.865931 -2.837797 1.604861 3.968955 -1.717729
283 42 Pedestrian 1 0 -1.024807 0.000000 176.510561 155.511948 374.000000 1.580344 0.674878 0.865931 -2.813357 1.604242 3.447621 -1.672794
285 51 Cyclist 0 0 1.747998 477.065266 175.279951 504.558451 225.385378 1.638075 0.570039 1.999707 -4.093940 1.731234 24.667635 1.584654
286 51 Cyclist 0 0 1.750131 474.471452 176.284042 503.120834 228.330416 1.638075 0.570039 1.999707 -4.014373 1.760002 23.785057 1.584118
287 51 Cyclist 0 0 1.752465 471.668793 177.368979 501.577062 231.512769 1.638075 0.570039 1.999707 -3.934807 1.788770 22.902479 1.583583
288 51 Cyclist 0 0 1.755890 467.926538 176.073996 499.269529 232.487481 1.638075 0.570039 1.999707 -3.875985 1.745501 22.020914 1.583047
289 51 Cyclist 0 0 1.759635 463.856989 174.665754 496.778251 233.547514 1.638075 0.570039 1.999707 -3.817163 1.702233 21.139350 1.582511
289 53 Pedestrian 0 0 -2.079153 542.792472 179.545390 563.195064 214.674464 1.534653 0.609532 0.733942 -2.570681 1.837641 32.094247 -2.159022
289 54 Pedestrian 0 0 -2.036330 530.830320 177.175968 551.094466 214.243064 1.606438 0.540530 0.872786 -3.083563 1.803384 31.848565 -2.132629
290 51 Cyclist 0 0 1.763739 459.415246 173.128716 494.080370 234.704583 1.638075 0.570039 1.999707 -3.758342 1.658964 20.257785 1.581975
290 52 Cyclist 0 0 1.711785 497.678613 169.930309 520.285392 218.246770 1.797546 0.595113 1.850258 -3.920582 1.701295 27.855561 1.572699
290 53 Pedestrian 0 0 -2.076276 547.166233 178.529258 561.166233 214.346065 1.534653 0.609532 0.733942 -2.507564 1.787754 31.477157 -2.155697
290 54 Pedestrian 0 0 -2.033312 533.696433 175.994842 549.363101 213.767146 1.606438 0.540530 0.872786 -3.017007 1.749001 31.254337 -2.129304
291 51 Cyclist 0 0 1.767735 454.967836 172.331034 491.529035 236.861144 1.638075 0.570039 1.999707 -3.688730 1.638299 19.375851 1.581440
291 52 Cyclist 0 0 1.691102 496.797508 168.266034 519.415891 218.802242 1.797546 0.595113 1.850258 -3.788306 1.646737 26.675127 1.550841
291 53 Pedestrian 0 0 -2.072727 546.865900 177.337775 561.487597 213.823487 1.534653 0.609532 0.733942 -2.469067 1.732371 30.897410 -2.152373
291 54 Pedestrian 0 0 -2.030306 535.499056 174.767502 550.136118 213.272462 1.606438 0.540530 0.872786 -2.950450 1.694618 30.660109 -2.125980
292 51 Cyclist 0 0 1.772147 450.072519 171.453016 488.746879 239.235111 1.638075 0.570039 1.999707 -3.619118 1.617633 18.493916 1.580904
292 52 Cyclist 0 0 1.670820 495.625668 168.175702 518.267857 221.147819 1.797546 0.595113 1.850258 -3.663117 1.651259 25.493924 1.528982
292 53 Pedestrian 0 0 -2.069034 546.260098 177.208211 561.260098 214.341971 1.534653 0.609532 0.733942 -2.438143 1.723635 30.365391 -2.149048
292 54 Pedestrian 0 0 -2.026698 536.583876 174.593329 549.917209 213.816324 1.606438 0.540530 0.872786 -2.906225 1.685939 30.107244 -2.122655
293 51 Cyclist 0 0 1.777035 444.658043 170.481882 485.701096 241.861103 1.638075 0.570039 1.999707 -3.549506 1.596968 17.611982 1.580368
293 52 Cyclist 0 0 1.650689 494.340910 168.076597 517.007809 223.730784 1.797546 0.595113 1.850258 -3.537929 1.655781 24.312721 1.507123
293 53 Pedestrian 0 0 -2.065327 546.728664 177.073995 560.518160 214.879231 1.534653 0.609532 0.733942 -2.407218 1.714900 29.833373 -2.145724
293 54 Pedestrian 0 0 -2.023080 535.684302 174.412575 549.627386 214.380885 1.606438 0.540530 0.872786 -2.861999 1.677259 29.554379 -2.119331
294 51 Cyclist 0 0 1.778607 438.262173 169.822089 481.618040 245.109688 1.638075 0.570039 1.999707 -3.497169 1.585416 16.750303 1.575223
294 52 Cyclist 0 0 1.630731 492.924903 167.967339 515.619553 226.589067 1.797546 0.595113 1.850258 -3.412740 1.660303 23.131518 1.485265
294 53 Pedestrian 0 0 -2.063304 548.143611 176.953585 560.476944 215.549554 1.534653 0.609532 0.733942 -2.320174 1.706521 29.230907 -2.142399
294 54 Pedestrian 0 0 -2.019738 535.062953 174.228722 549.396286 215.014810 1.606438 0.540530 0.872786 -2.806367 1.668676 28.971085 -2.116006
295 51 Cyclist 0 0 1.780872 431.126365 169.086179 477.118598 248.734757 1.638075 0.570039 1.999707 -3.444833 1.573864 15.888624 1.570079
295 52 Cyclist 0 0 1.610973 491.345432 166.746670 514.074262 228.664251 1.797546 0.595113 1.850258 -3.287891 1.632692 21.950651 1.463406
295 53 Pedestrian 0 0 -2.061335 548.209705 176.828074 562.667439 216.248545 1.534653 0.609532 0.733942 -2.233130 1.698143 28.628441 -2.139075
295 54 Pedestrian 0 0 -2.016395 534.279173 174.037237 549.911202 215.675256 1.606438 0.540530 0.872786 -2.750735 1.660093 28.387790 -2.112682
296 51 Cyclist 0 0 1.783944 423.114236 168.260173 472.135725 252.805786 1.638075 0.570039 1.999707 -3.392496 1.562311 15.026944 1.564935
296 52 Cyclist 0 0 1.591450 489.583347 165.382642 512.356496 230.986510 1.797546 0.595113 1.850258 -3.163042 1.605081 20.769784 1.441547
296 53 Pedestrian 0 0 -2.058236 547.175054 175.613615 563.508388 215.850777 1.534653 0.609532 0.733942 -2.181961 1.647950 28.046748 -2.135750
296 54 Pedestrian 0 0 -2.012251 532.983602 172.943853 549.650269 215.427340 1.606438 0.540530 0.872786 -2.720178 1.617339 27.825807 -2.109357
297 51 Cyclist 0 0 1.787961 414.053691 167.326449 466.587167 257.410463 1.638075 0.570039 1.999707 -3.340160 1.550759 14.165265 1.559790
297 52 Cyclist 0 0 1.619142 483.928998 165.066814 509.935151 234.675965 1.797546 0.595113 1.850258 -3.099073 1.608671 19.628006 1.463924
297 53 Pedestrian 0 0 -2.055146 547.535055 174.347336 564.197493 215.435864 1.534653 0.609532 0.733942 -2.130791 1.597757 27.465056 -2.132426
297 54 Pedestrian 0 0 -2.008074 532.408061 171.804910 548.891081 215.169003 1.606438 0.540530 0.872786 -2.689622 1.574584 27.263824 -2.106033
298 51 Cyclist 0 0 1.794149 402.841530 167.450150 459.612242 263.854051 1.638075 0.570039 1.999707 -3.302797 1.559503 13.303235 1.554646
298 52 Cyclist 0 0 1.647469 477.549689 164.710189 507.222106 238.842324 1.797546 0.595113 1.850258 -3.035103 1.612261 18.486227 1.486301
298 53 Pedestrian 0 0 -2.052005 546.603040 175.258959 563.269707 217.276502 1.534653 0.609532 0.733942 -2.120820 1.630332 26.875691 -2.130599
298 54 Pedestrian 0 0 -2.004688 530.925900 172.469183 546.925899 216.908461 1.606438 0.540530 0.872786 -2.668692 1.599831 26.621130 -2.104206
299 51 Cyclist 0 0 1.801796 389.940146 167.592451 451.743978 271.270217 1.638075 0.570039 1.999707 -3.265434 1.568247 12.441205 1.549501
299 52 Cyclist 0 0 1.676554 470.295845 164.304244 504.161889 243.584396 1.797546 0.595113 1.850258 -2.971133 1.615851 17.344448 1.508677
299 53 Pedestrian 0 0 -2.048807 545.922248 176.211725 562.765270 219.201160 1.534653 0.609532 0.733942 -2.110849 1.662908 26.286326 -2.128773
299 54 Pedestrian 0 0 -2.001226 529.626572 173.166648 546.973918 218.735705 1.606438 0.540530 0.872786 -2.647762 1.625078 25.978436 -2.102380
300 51 Cyclist 0 0 1.811199 374.936543 167.757877 442.799109 279.897127 1.638075 0.570039 1.999707 -3.228071 1.576991 11.579174 1.544357
300 52 Cyclist 0 0 1.706549 461.973554 163.837900 500.684129 249.030315 1.797546 0.595113 1.850258 -2.907163 1.619441 16.202669 1.531054
300 53 Pedestrian 0 0 -2.046184 544.248803 176.985641 560.915470 221.007745 1.534653 0.609532 0.733942 -2.131218 1.687528 25.686679 -2.128773
300 54 Pedestrian 0 0 -1.992397 527.522058 173.489255 545.855391 220.122239 1.606438 0.540530 0.872786 -2.651368 1.636097 25.400040 -2.095953
301 51 Cyclist 0 0 1.822736 357.271150 167.952550 432.540555 290.057620 1.638075 0.570039 1.999707 -3.190708 1.585734 10.717144 1.539212
301 52 Cyclist 0 0 1.737651 452.326822 163.296497 496.698204 255.349288 1.797546 0.595113 1.850258 -2.843194 1.623031 15.060890 1.553430
301 53 Pedestrian 0 0 -2.043439 541.302739 177.796749 559.826932 222.902343 1.534653 0.609532 0.733942 -2.151586 1.712148 25.087032 -2.128773
301 54 Pedestrian 0 0 -1.983459 525.750656 173.827120 543.576954 221.574701 1.606438 0.540530 0.872786 -2.654975 1.647116 24.821644 -2.089526
302 51 Cyclist 0 0 1.836904 336.166480 168.184965 420.656120 302.200503 1.638075 0.570039 1.999707 -3.153345 1.594478 9.855114 1.534068
302 52 Cyclist 0 0 1.732384 441.807659 162.204062 489.380506 262.156693 1.797546 0.595113 1.850258 -2.804911 1.618067 13.946264 1.536699
302 53 Pedestrian 0 0 -2.041566 538.593889 177.700441 558.593889 223.901639 1.534653 0.609532 0.733942 -2.148499 1.704891 24.502562 -2.128773
302 54 Pedestrian 0 0 -1.974404 523.633180 174.181350 540.633181 223.097907 1.606438 0.540530 0.872786 -2.658581 1.658136 24.243249 -2.083099
303 51 Cyclist 0 0 1.854360 310.509564 168.467258 406.726149 316.968657 1.638075 0.570039 1.999707 -3.115982 1.603222 8.993084 1.528923
303 52 Cyclist 0 0 1.728999 429.320605 160.909195 480.876964 270.243082 1.797546 0.595113 1.850258 -2.766629 1.613103 12.831638 1.519968
303 53 Pedestrian 0 0 -2.039604 537.317677 177.599401 554.888193 224.950751 1.534653 0.609532 0.733942 -2.145412 1.697634 23.918091 -2.128773
303 54 Pedestrian 0 0 -1.964950 522.109152 173.783560 539.098420 223.936159 1.606438 0.540530 0.872786 -2.668144 1.644150 23.656603 -2.076672
303 56 Pedestrian 0 0 1.359693 618.694521 169.448907 634.709557 207.297817 1.886926 0.611091 0.916752 0.814528 1.724480 36.558444 1.381229
303 57 Pedestrian 0 1 1.346246 630.660773 170.623000 647.627302 208.853833 1.914269 0.685820 0.767292 1.450240 1.809541 36.662829 1.384882
304 51 Cyclist 0 0 1.881232 278.260813 166.154393 390.362223 332.131166 1.638075 0.570039 1.999707 -3.087346 1.585306 8.151788 1.528923
304 52 Cyclist 0 0 1.727410 414.863470 159.410336 471.209561 279.603239 1.797546 0.595113 1.850258 -2.730455 1.608273 11.758601 1.503237
304 53 Pedestrian 0 0 -2.037546 535.869569 177.493269 550.536235 226.053501 1.534653 0.609532 0.733942 -2.142325 1.690377 23.333621 -2.128773
304 54 Pedestrian 0 0 -1.955346 520.274732 173.365241 536.941400 224.817952 1.606438 0.540530 0.872786 -2.677708 1.630164 23.069957 -2.070244
304 56 Pedestrian 0 0 1.358148 632.168597 169.022814 638.835264 207.681268 1.886926 0.611091 0.916752 0.902332 1.707129 35.801945 1.382575
304 57 Pedestrian 0 1 1.342967 637.714884 170.419747 650.714884 209.519683 1.914269 0.685820 0.767292 1.586318 1.802018 35.856768 1.386228
305 51 Cyclist 0 0 1.913347 237.425751 163.228031 370.690558 351.341697 1.638075 0.570039 1.999707 -3.058711 1.567391 7.310492 1.528923
305 52 Cyclist 0 0 1.728646 397.226021 157.586046 459.758333 291.030263 1.797546 0.595113 1.850258 -2.694282 1.603442 10.685564 1.486506
305 53 Pedestrian 0 0 -2.035384 534.624037 177.381653 550.973283 227.214109 1.534653 0.609532 0.733942 -2.139238 1.683121 22.749150 -2.128773
305 54 Pedestrian 0 0 -1.945580 516.476160 172.924761 535.135917 225.746771 1.606438 0.540530 0.872786 -2.687271 1.616178 22.483311 -2.063817
305 56 Pedestrian 0 0 1.356479 629.737146 168.578117 640.815180 208.081508 1.886926 0.611091 0.916752 0.990137 1.689778 35.045446 1.383920
305 57 Pedestrian 0 1 1.339480 641.110443 170.207060 654.278397 210.216530 1.914269 0.685820 0.767292 1.722396 1.794494 35.050707 1.387573
306 51 Cyclist 0 0 1.952314 184.048571 159.406751 346.595480 374.000000 1.638075 0.570039 1.999707 -3.030075 1.549476 6.469196 1.528923
306 52 Cyclist 0 0 1.733563 375.226398 155.317354 445.981138 305.293672 1.797546 0.595113 1.850258 -2.658108 1.598612 9.612527 1.469775
306 53 Pedestrian 0 0 -2.002369 533.033167 176.664441 550.699834 227.839357 1.534653 0.609532 0.733942 -2.150550 1.657549 22.160365 -2.098677
306 54 Pedestrian 0 0 -1.935641 512.432316 172.460311 532.765649 226.726482 1.606438 0.540530 0.872786 -2.696834 1.602192 21.896666 -2.057390
306 56 Pedestrian 0 0 1.354680 626.884335 168.113569 642.217669 208.499664 1.886926 0.611091 0.916752 1.077941 1.672427 34.288947 1.385266
306 57 Pedestrian 0 1 1.335770 644.504189 169.984269 657.504189 210.946591 1.914269 0.685820 0.767292 1.858474 1.786971 34.244645 1.388919
307 51 Cyclist 0 0 2.000969 110.676505 158.151748 315.972261 374.000000 1.638075 0.570039 1.999707 -3.005164 1.557057 5.627467 1.528923
307 52 Cyclist 0 0 1.743391 347.014573 152.419252 429.091225 323.599113 1.797546 0.595113 1.850258 -2.621935 1.593782 8.539490 1.453044
307 53 Pedestrian 0 0 -1.969198 531.906948 175.907054 551.670951 228.498365 1.534653 0.609532 0.733942 -2.161862 1.631978 21.571579 -2.068582
307 54 Pedestrian 0 0 -1.917723 509.720184 172.398201 530.861203 228.193900 1.606438 0.540530 0.872786 -2.690336 1.600729 21.311032 -2.042439
307 56 Pedestrian 0 0 1.352740 629.372288 167.627811 644.394809 208.936966 1.886926 0.611091 0.916752 1.165746 1.655076 33.532447 1.386611
307 57 Pedestrian 0 1 1.331821 648.694502 169.750634 662.205450 211.712296 1.914269 0.685820 0.767292 1.994552 1.779448 33.438584 1.390264
308 51 Cyclist 0 0 2.062186 4.754796 156.343464 276.459549 374.000000 1.638075 0.570039 1.999707 -2.980253 1.564639 4.785738 1.528923
308 52 Cyclist 0 0 1.756026 313.485173 149.217512 410.695049 347.851744 1.797546 0.595113 1.850258 -2.559794 1.593933 7.490588 1.436313
308 53 Pedestrian 0 0 -1.935859 530.618262 175.106024 552.284930 229.193986 1.534653 0.609532 0.733942 -2.173174 1.606406 20.982793 -2.038487
308 54 Pedestrian 0 0 -1.899641 506.820018 172.332557 528.486684 229.745966 1.606438 0.540530 0.872786 -2.683839 1.599267 20.725399 -2.027487
308 56 Pedestrian 0 0 1.350651 631.687105 167.119356 646.020438 209.394762 1.886926 0.611091 0.916752 1.253550 1.637725 32.775948 1.387957
308 57 Pedestrian 0 1 1.327617 653.013992 169.505344 666.680659 212.516324 1.914269 0.685820 0.767292 2.130630 1.771925 32.632523 1.391610
309 51 Cyclist 1 0 2.140855 0.000000 154.303144 223.386719 374.000000 1.638075 0.570039 1.999707 -2.955342 1.572220 3.944009 1.528923
309 52 Cyclist 0 0 1.776960 267.161925 144.824525 387.088800 374.000000 1.797546 0.595113 1.850258 -2.497654 1.594085 6.441687 1.419581
309 53 Pedestrian 0 0 -1.901769 526.090824 176.507605 548.027992 232.226611 1.534653 0.609532 0.733942 -2.195185 1.643829 20.388242 -2.008391
309 54 Pedestrian 0 0 -1.881000 504.259439 173.391900 526.235842 232.492901 1.606438 0.540530 0.872786 -2.686798 1.628916 20.153185 -2.012536
309 56 Pedestrian 0 0 1.347903 634.164075 168.280260 649.724873 211.793883 1.886926 0.611091 0.916752 1.356704 1.695663 31.861050 1.389457
309 57 Pedestrian 0 1 1.324823 655.748133 169.238428 669.445362 213.403636 1.914269 0.685820 0.767292 2.214811 1.764187 31.790108 1.393110
310 51 Cyclist 1 0 2.244133 0.000000 158.337368 148.650814 374.000000 1.638075 0.570039 1.999707 -2.930431 1.579801 3.102280 1.528923
310 52 Cyclist 0 0 1.810119 198.987354 138.423090 355.697830 374.000000 1.797546 0.595113 1.850258 -2.435514 1.594237 5.392786 1.402850
310 53 Pedestrian 0 0 -1.867445 521.167097 177.996280 543.167096 235.443404 1.534653 0.609532 0.733942 -2.217196 1.681253 19.793691 -1.978296
310 54 Pedestrian 0 0 -1.862149 501.444486 174.514776 523.444487 235.404080 1.606438 0.540530 0.872786 -2.689756 1.658566 19.580972 -1.997584
310 56 Pedestrian 0 0 1.344909 636.705367 169.510690 653.038700 214.337151 1.886926 0.611091 0.916752 1.459857 1.753600 30.946152 1.390957
310 57 Pedestrian 0 1 1.321801 658.238589 168.956830 671.571922 214.339918 1.914269 0.685820 0.767292 2.298991 1.756450 30.947692 1.394610
311 52 Cyclist 0 0 1.859610 93.835834 127.107770 313.246529 374.000000 1.797546 0.595113 1.850258 -2.381441 1.587971 4.388950 1.386119
311 53 Pedestrian 0 0 -1.833781 517.860741 177.750635 539.782093 236.983376 1.534653 0.609532 0.733942 -2.222550 1.670576 19.207048 -1.948201
311 54 Pedestrian 0 0 -1.843073 498.574386 175.707060 521.221287 238.494661 1.606438 0.540530 0.872786 -2.692715 1.688216 19.008758 -1.982633
311 56 Pedestrian 0 0 1.341646 640.077893 170.817084 657.855944 217.037958 1.886926 0.611091 0.916752 1.563011 1.811537 30.031253 1.392457
311 57 Pedestrian 0 1 1.318531 660.443249 168.659306 676.981537 215.329339 1.914269 0.685820 0.767292 2.383172 1.748713 30.105277 1.396110
312 52 Cyclist 1 0 1.936993 0.000000 107.195102 251.115306 374.000000 1.797546 0.595113 1.850258 -2.327369 1.581705 3.385113 1.369388
312 53 Pedestrian 0 0 -1.799898 514.484601 177.489176 536.151268 238.620673 1.534653 0.609532 0.733942 -2.227903 1.659899 18.620405 -1.918105
312 54 Pedestrian 0 0 -1.790366 495.944834 173.875925 518.944834 238.635044 1.606438 0.540530 0.872786 -2.694394 1.639885 18.438322 -1.934181
312 56 Pedestrian 0 0 1.339412 642.373873 169.708736 661.040540 217.233386 1.886926 0.611091 0.916752 1.631562 1.769529 29.218084 1.393957
312 57 Pedestrian 0 1 1.314993 662.718903 168.344465 682.052236 216.376556 1.914269 0.685820 0.767292 2.467352 1.740975 29.262862 1.397610
313 52 Cyclist 1 0 2.061194 0.000000 99.507297 151.976903 374.000000 1.797546 0.595113 1.850258 -2.273296 1.575439 2.381277 1.352657
313 53 Pedestrian 0 0 -1.794979 515.051883 176.282137 535.857990 239.377519 1.534653 0.609532 0.733942 -2.252130 1.626414 18.050441 -1.918105
313 54 Pedestrian 0 0 -1.737398 492.318777 171.922363 514.880388 238.780505 1.606438 0.540530 0.872786 -2.696072 1.591554 17.867886 -1.885729
313 56 Pedestrian 0 0 1.336969 645.420293 168.536033 663.879419 217.440198 1.886926 0.611091 0.916752 1.700114 1.727520 28.404914 1.395457
313 57 Pedestrian 0 1 1.311164 666.631955 168.010749 686.283012 217.486784 1.914269 0.685820 0.767292 2.551533 1.733238 28.420447 1.399110
314 53 Pedestrian 0 0 -1.791497 516.651976 174.990184 535.985309 240.138063 1.534653 0.609532 0.733942 -2.246220 1.592837 17.491379 -1.918105
314 54 Pedestrian 0 0 -1.684143 488.691138 169.833873 511.357805 238.931542 1.606438 0.540530 0.872786 -2.697750 1.543224 17.297450 -1.837276
314 56 Pedestrian 0 0 1.320788 648.865617 166.377539 666.532283 216.693060 1.886926 0.611091 0.916752 1.780981 1.650702 27.617209 1.383843
314 57 Pedestrian 0 1 1.286738 670.463414 166.163821 689.796748 217.129091 1.914269 0.685820 0.767292 2.632836 1.668779 27.598854 1.380182
315 53 Pedestrian 0 0 -1.787792 508.661286 173.611782 532.122754 240.950188 1.534653 0.609532 0.733942 -2.240310 1.559260 16.932317 -1.918105
315 54 Pedestrian 0 0 -1.698853 484.572103 169.175298 508.667858 240.638315 1.606438 0.540530 0.872786 -2.699989 1.530532 16.740517 -1.857031
315 56 Pedestrian 0 0 1.304344 652.518044 164.091317 670.744805 215.900961 1.886926 0.611091 0.916752 1.861847 1.573885 26.829503 1.372229
315 57 Pedestrian 0 1 1.261985 675.863383 164.203536 694.313692 216.748694 1.914269 0.685820 0.767292 2.714139 1.604319 26.777262 1.361254
316 53 Pedestrian 0 0 -1.783842 499.862732 172.137952 526.862730 241.819326 1.534653 0.609532 0.733942 -2.234400 1.525683 16.373255 -1.918105
316 54 Pedestrian 0 0 -1.713232 479.608791 168.471287 503.942124 242.466081 1.606438 0.540530 0.872786 -2.702228 1.517841 16.183583 -1.876786
316 56 Pedestrian 0 0 1.288762 655.277127 164.161000 673.277128 217.585321 1.886926 0.611091 0.916752 1.912786 1.585967 26.034197 1.360616
316 57 Pedestrian 0 1 1.236874 681.265325 162.119142 697.931992 216.343392 1.914269 0.685820 0.767292 2.795442 1.539860 25.955670 1.342325
317 53 Pedestrian 0 0 -1.779341 497.387285 173.277148 526.324961 245.520303 1.534653 0.609532 0.733942 -2.232264 1.550853 15.811990 -1.918105
317 54 Pedestrian 0 0 -1.675307 473.940440 168.925993 499.158023 245.680765 1.606438 0.540530 0.872786 -2.727973 1.530990 15.619240 -1.846130
317 56 Pedestrian 0 0 1.272935 658.631068 164.235161 677.538765 219.378238 1.886926 0.611091 0.916752 1.963725 1.598049 25.238891 1.349002
317 57 Pedestrian 0 1 1.211828 685.185260 163.193425 702.913806 219.240061 1.914269 0.685820 0.767292 2.865872 1.589020 25.129961 1.323397
318 53 Pedestrian 0 0 -1.774521 494.198912 174.501438 524.198911 249.501897 1.534653 0.609532 0.733942 -2.230128 1.576023 15.250724 -1.918105
318 54 Pedestrian 0 0 -1.636867 467.834323 169.416727 494.167655 249.140438 1.606438 0.540530 0.872786 -2.753718 1.544139 15.054896 -1.815474
318 56 Pedestrian 0 0 1.255999 662.305996 165.317837 681.305995 222.291659 1.886926 0.611091 0.916752 2.036301 1.643599 24.447466 1.337388
318 57 Pedestrian 0 1 1.186381 688.997132 164.340884 706.997131 222.338131 1.914269 0.685820 0.767292 2.936302 1.638181 24.304251 1.304469
319 53 Pedestrian 0 0 -1.769347 490.570564 175.820723 520.589938 253.797283 1.534653 0.609532 0.733942 -2.227993 1.601194 14.689458 -1.918105
319 54 Pedestrian 0 0 -1.600628 463.761654 171.836423 491.591222 254.722952 1.606438 0.540530 0.872786 -2.738574 1.594288 14.500268 -1.784817
319 56 Pedestrian 0 0 1.238717 666.769561 166.473652 687.390077 225.404791 1.886926 0.611091 0.916752 2.108876 1.689149 23.656041 1.325774
319 57 Pedestrian 0 1 1.160493 694.307997 165.569231 714.413424 225.659327 1.914269 0.685820 0.767292 3.006732 1.687341 23.478542 1.285541
320 53 Pedestrian 0 0 -1.763780 486.120032 177.246509 515.120032 258.445075 1.534653 0.609532 0.733942 -2.225857 1.626364 14.128193 -1.918105
320 54 Pedestrian 0 0 -1.640399 456.552521 172.552272 486.219188 258.902183 1.606438 0.540530 0.872786 -2.738241 1.608552 13.943798 -1.831600
320 56 Pedestrian 0 0 1.221214 670.865178 165.751359 692.198512 226.765527 1.886926 0.611091 0.916752 2.176974 1.673559 22.864297 1.314160
320 57 Pedestrian 0 0 1.134409 699.558483 165.681365 720.891817 228.015913 1.914269 0.685820 0.767292 3.069641 1.699063 22.650883 1.266612
321 53 Pedestrian 0 0 -1.751916 481.584240 175.740226 509.343805 260.150770 1.534653 0.609532 0.733942 -2.222573 1.595234 13.602852 -1.911725
321 54 Pedestrian 0 0 -1.615470 450.637443 171.454104 481.247894 261.521394 1.606438 0.540530 0.872786 -2.748768 1.588934 13.385068 -1.815007
321 56 Pedestrian 0 0 1.203301 674.872157 164.976812 697.737286 228.226341 1.886926 0.611091 0.916752 2.245072 1.657969 22.072554 1.302547
321 57 Pedestrian 0 0 1.106766 705.840011 163.652183 729.879490 228.356432 1.914269 0.685820 0.767292 3.156401 1.646344 21.831592 1.247684
322 53 Pedestrian 0 0 -1.739631 476.133874 174.110180 501.800541 261.997917 1.534653 0.609532 0.733942 -2.219288 1.564104 13.077512 -1.905345
322 54 Pedestrian 0 0 -1.600899 446.329961 170.828005 477.663295 264.683436 1.606438 0.540530 0.872786 -2.722449 1.579089 12.862625 -1.806213
322 56 Pedestrian 0 0 1.196118 679.217269 163.516842 702.550603 229.127939 1.886926 0.611091 0.916752 2.323627 1.624083 21.292769 1.302547
322 57 Pedestrian 0 0 1.097986 711.840253 161.895505 737.506920 228.986961 1.914269 0.685820 0.767292 3.238628 1.605395 21.065289 1.247684
323 53 Pedestrian 0 0 -1.728220 471.557200 174.730427 502.469167 266.398483 1.534653 0.609532 0.733942 -2.198747 1.573800 12.557229 -1.898965
323 54 Pedestrian 0 0 -1.585865 441.080751 170.147072 473.222543 268.123099 1.606438 0.540530 0.872786 -2.696130 1.569245 12.340181 -1.797419
323 56 Pedestrian 0 0 1.188408 684.721301 161.944011 711.075614 230.099869 1.886926 0.611091 0.916752 2.402182 1.590197 20.512984 1.302547
323 57 Pedestrian 0 0 1.088578 719.535979 160.004660 745.423979 229.666224 1.914269 0.685820 0.767292 3.320856 1.564447 20.298987 1.247684
324 53 Pedestrian 0 0 -1.716394 466.180144 175.405640 501.513477 271.192997 1.534653 0.609532 0.733942 -2.178205 1.583497 12.036946 -1.892584
324 54 Pedestrian 0 0 -1.570311 434.587036 169.403773 466.587036 271.878627 1.606438 0.540530 0.872786 -2.669811 1.559400 11.817737 -1.788625
324 56 Pedestrian 0 0 1.179209 690.716750 162.197952 719.050083 233.105141 1.886926 0.611091 0.916752 2.500317 1.608745 19.737876 1.302547
324 57 Pedestrian 0 0 1.080071 725.938320 160.384057 750.938319 232.897210 1.914269 0.685820 0.767292 3.369229 1.588454 19.520448 1.247684
325 53 Pedestrian 0 0 -1.702095 460.712656 175.792189 496.975530 276.144979 1.534653 0.609532 0.733942 -2.180840 1.587671 11.509388 -1.886204
325 54 Pedestrian 0 0 -1.562756 427.262827 170.107705 461.425952 277.741464 1.606438 0.540530 0.872786 -2.663783 1.572651 11.275476 -1.790471
325 56 Pedestrian 0 0 1.169293 696.909144 162.473029 727.775490 236.363025 1.886926 0.611091 0.916752 2.598451 1.627292 18.962768 1.302547
325 57 Pedestrian 0 0 1.070897 734.227262 160.795370 762.313828 236.403529 1.914269 0.685820 0.767292 3.417603 1.612460 18.741910 1.247684
326 53 Pedestrian 0 0 -1.687081 454.036541 176.216902 490.036541 281.591351 1.534653 0.609532 0.733942 -2.183475 1.591846 10.981829 -1.879824
326 54 Pedestrian 0 0 -1.554323 418.571372 170.885053 453.238039 284.224918 1.606438 0.540530 0.872786 -2.657754 1.585903 10.733214 -1.792318
326 56 Pedestrian 0 0 1.159738 702.296212 162.776257 734.296211 239.938464 1.886926 0.611091 0.916752 2.673757 1.646033 18.181387 1.302547
326 57 Pedestrian 0 0 1.060973 742.476543 161.242803 772.476545 240.221941 1.914269 0.685820 0.767292 3.465976 1.636467 17.963371 1.247684
327 53 Pedestrian 0 0 -1.671253 445.003096 176.685720 484.990693 287.610035 1.534653 0.609532 0.733942 -2.186111 1.596021 10.454271 -1.873444
327 54 Pedestrian 0 0 -1.544886 406.920454 171.747932 446.928595 291.433036 1.606438 0.540530 0.872786 -2.651726 1.599154 10.190953 -1.794164
327 56 Pedestrian 0 0 1.151981 708.738734 161.934607 742.024850 242.465387 1.886926 0.611091 0.916752 2.707589 1.636429 17.440727 1.302547
327 57 Pedestrian 0 0 1.051252 748.088546 160.137523 777.693175 242.811280 1.914269 0.685820 0.767292 3.493637 1.623140 17.178424 1.247684
328 53 Pedestrian 0 0 -1.655341 435.244181 177.191920 477.910848 294.251273 1.534653 0.609532 0.733942 -2.180199 1.600023 9.929203 -1.867064
328 54 Pedestrian 0 0 -1.514815 391.181749 171.356440 434.515084 297.585737 1.606438 0.540530 0.872786 -2.675107 1.594871 9.685223 -1.778355
328 56 Pedestrian 0 0 1.143569 715.036242 161.016756 748.036241 245.223658 1.886926 0.611091 0.916752 2.741422 1.626824 16.700067 1.302547
328 57 Pedestrian 0 0 1.040659 753.644061 158.924877 781.310727 245.655899 1.914269 0.685820 0.767292 3.521299 1.609812 16.393478 1.247684
329 53 Pedestrian 0 0 -1.634421 424.437130 177.799549 470.070591 301.873960 1.534653 0.609532 0.733942 -2.212601 1.604493 9.392443 -1.860683
329 54 Pedestrian 0 0 -1.483347 379.496261 170.919737 427.966538 304.447988 1.606438 0.540530 0.872786 -2.698489 1.590589 9.179492 -1.762546
329 56 Pedestrian 0 0 1.135501 720.226055 160.014569 756.778944 248.279187 1.886926 0.611091 0.916752 2.756230 1.617372 15.954180 1.302547
329 57 Pedestrian 0 0 1.036059 760.835012 157.344713 791.510316 248.034877 1.914269 0.685820 0.767292 3.544492 1.589517 15.694063 1.253274
330 53 Pedestrian 0 0 -1.611908 411.589236 178.483337 458.589237 310.465983 1.534653 0.609532 0.733942 -2.245003 1.608962 8.855682 -1.854303
330 54 Pedestrian 0 0 -1.452954 364.705739 168.966172 413.705739 310.133465 1.606438 0.540530 0.872786 -2.741183 1.569276 8.705257 -1.750387
330 56 Pedestrian 0 0 1.127286 725.080936 160.195604 763.414269 252.964031 1.886926 0.611091 0.916752 2.761172 1.634429 15.205229 1.302547
330 57 Pedestrian 0 0 1.031264 767.419533 157.139757 799.752866 252.219238 1.914269 0.685820 0.767292 3.556075 1.600514 14.990513 1.258863
331 53 Pedestrian 0 0 -1.557926 396.188913 178.395873 447.060407 318.323252 1.534653 0.609532 0.733942 -2.292477 1.604130 8.370967 -1.818435
331 54 Pedestrian 0 0 -1.422047 346.973481 171.019303 402.197750 320.781479 1.606438 0.540530 0.872786 -2.771980 1.594224 8.232607 -1.738228
331 56 Pedestrian 0 0 1.118263 732.663632 160.395847 771.806777 258.152419 1.886926 0.611091 0.916752 2.766114 1.651486 14.456279 1.302547
331 57 Pedestrian 0 1 1.025524 774.522728 156.914219 815.569700 256.828832 1.914269 0.685820 0.767292 3.567659 1.611510 14.286963 1.264453
332 53 Pedestrian 0 0 -1.502002 376.975836 178.297541 428.975834 327.174713 1.534653 0.609532 0.733942 -2.339950 1.599299 7.886251 -1.782567
332 54 Pedestrian 0 0 -1.389209 325.518625 173.337473 381.851958 332.801998 1.606438 0.540530 0.872786 -2.802778 1.619173 7.759957 -1.726070
332 56 Pedestrian 0 0 1.110081 739.058857 159.576873 776.725523 262.380188 1.886926 0.611091 0.916752 2.757432 1.648078 13.770691 1.302547
332 57 Pedestrian 0 1 1.018708 781.542878 156.664832 829.542878 261.931945 1.914269 0.685820 0.767292 3.579242 1.622506 13.583413 1.270042
333 53 Pedestrian 0 0 -1.443824 357.837447 178.186063 413.865770 337.222032 1.534653 0.609532 0.733942 -2.387424 1.594468 7.401536 -1.746699
333 54 Pedestrian 0 0 -1.362213 305.226967 171.824928 368.168861 342.053022 1.606438 0.540530 0.872786 -2.837835 1.604340 7.297438 -1.722001
333 56 Pedestrian 0 0 1.101090 746.845468 158.669799 786.479386 267.069321 1.886926 0.611091 0.916752 2.748749 1.644669 13.085103 1.302547
333 57 Pedestrian 0 1 1.010658 793.216465 156.387599 837.944373 267.612316 1.914269 0.685820 0.767292 3.590826 1.633502 12.879863 1.275632
334 53 Pedestrian 0 0 -1.439398 337.017207 179.967101 390.017208 350.866959 1.534653 0.609532 0.733942 -2.423759 1.607352 6.921856 -1.765631
334 54 Pedestrian 0 0 -1.332708 279.969278 170.095255 343.635946 352.645635 1.606438 0.540530 0.872786 -2.872893 1.589507 6.834918 -1.717932
334 56 Pedestrian 0 0 1.091166 754.462698 157.659603 793.796030 272.299698 1.886926 0.611091 0.916752 2.740067 1.641260 12.399516 1.302547
334 57 Pedestrian 0 1 0.999629 806.180574 153.627738 844.680573 271.423673 1.914269 0.685820 0.767292 3.625045 1.604114 12.183741 1.281221
335 53 Pedestrian 0 0 -1.432090 314.435962 182.021332 376.405951 366.700958 1.534653 0.609532 0.733942 -2.460094 1.620236 6.442177 -1.784562
335 54 Pedestrian 0 0 -1.302347 254.116111 171.419781 326.019070 368.203154 1.606438 0.540530 0.872786 -2.892367 1.602286 6.374372 -1.713863
335 56 Pedestrian 0 0 1.080158 761.998103 156.527639 807.504814 278.170768 1.886926 0.611091 0.916752 2.731385 1.637852 11.713928 1.302547
335 57 Pedestrian 0 1 0.983252 818.754100 150.882994 863.470331 275.669773 1.914269 0.685820 0.767292 3.645289 1.579459 11.526667 1.281221
336 53 Pedestrian 0 0 -1.387459 284.609802 180.301248 350.609804 374.000000 1.534653 0.609532 0.733942 -2.497987 1.600822 5.990530 -1.768217
336 54 Pedestrian 0 0 -1.268812 220.531626 172.965241 293.198295 374.000000 1.606438 0.540530 0.872786 -2.911841 1.615064 5.913827 -1.709794
336 56 Pedestrian 0 0 1.066101 770.256084 153.382239 819.256084 282.826587 1.886926 0.611091 0.916752 2.745239 1.606588 11.034901 1.302547
336 57 Pedestrian 0 1 0.965139 831.322535 147.792314 879.655869 280.452062 1.914269 0.685820 0.767292 3.665534 1.554805 10.869592 1.281221
337 53 Pedestrian 0 0 -1.339221 247.875299 178.281477 322.667844 374.000000 1.534653 0.609532 0.733942 -2.535879 1.581408 5.538883 -1.751873
337 54 Pedestrian 0 0 -1.242131 182.433827 170.413132 269.086321 374.000000 1.606438 0.540530 0.872786 -2.949935 1.597038 5.450118 -1.719070
337 56 Pedestrian 0 0 1.050363 785.106333 150.918820 838.715842 289.284930 1.886926 0.611091 0.916752 2.759259 1.591105 10.355709 1.302547
337 57 Pedestrian 0 1 0.945403 849.353051 145.472614 902.723553 287.092746 1.914269 0.685820 0.767292 3.680815 1.546282 10.210820 1.281221
338 53 Pedestrian 0 0 -1.286721 199.701810 175.876289 274.035143 374.000000 1.534653 0.609532 0.733942 -2.573772 1.561995 5.087236 -1.735528
338 54 Pedestrian 0 0 -1.210774 131.374270 167.351940 222.374273 374.000000 1.606438 0.540530 0.872786 -2.988029 1.579013 4.986408 -1.728347
338 56 Pedestrian 0 0 1.032633 799.654825 148.077804 853.988156 296.701395 1.886926 0.611091 0.916752 2.773280 1.575623 9.676518 1.302547
338 57 Pedestrian 0 1 0.923349 867.865020 142.817398 922.531687 294.696038 1.914269 0.685820 0.767292 3.696096 1.537760 9.552048 1.281221
339 53 Pedestrian 0 0 -1.229159 131.198885 172.963810 279.929024 374.000000 1.534653 0.609532 0.733942 -2.611665 1.542581 4.635589 -1.719184
339 54 Pedestrian 0 0 -1.173930 45.859435 163.612502 209.453161 374.000000 1.606438 0.540530 0.872786 -3.026123 1.560988 4.522699 -1.737624
339 56 Pedestrian 0 0 1.012523 795.021079 144.782598 882.099460 305.306278 1.886926 0.611091 0.916752 2.787301 1.560140 8.997326 1.302547
339 57 Pedestrian 0 1 0.898396 869.922963 139.738642 961.821390 303.529715 1.914269 0.685820 0.767292 3.712170 1.529249 8.890616 1.281221
