0 1 Pedestrian 0 1 -2.055526 936.986890 152.969820 957.320224 216.150818 1.862500 0.545063 1.161632 10.252765 1.049807 21.501770 -1.614594
0 2 Pedestrian 0 0 -2.089382 947.603348 152.357697 972.936681 214.608364 1.842517 0.564026 1.229738 11.102863 1.008115 21.624191 -1.619277
0 16 Car 0 2 -0.390659 499.748908 166.798173 550.522174 183.274408 1.500000 1.697545 4.453753 -7.524071 0.227662 67.036561 -0.500074
1 1 Pedestrian 0 1 -2.071835 940.172468 153.181013 962.448762 216.288747 1.862500 0.545063 1.161632 10.273771 1.055052 21.526636 -1.630556
1 2 Pedestrian 0 0 -2.096797 946.583493 152.752042 971.967762 214.940913 1.842517 0.564026 1.229738 11.107626 1.018984 21.645380 -1.626912
1 16 Car 0 2 -0.406615 501.267574 166.779365 551.922046 183.221326 1.500000 1.697545 4.453753 -7.396106 0.223301 67.141870 -0.513984
2 1 Pedestrian 0 1 -2.088143 943.084093 153.391802 967.084095 216.426087 1.862500 0.545063 1.161632 10.294777 1.060297 21.551501 -1.646518
2 2 Pedestrian 0 0 -2.104213 945.533147 153.145552 970.866481 215.272778 1.842517 0.564026 1.229738 11.112389 1.029853 21.666569 -1.634547
2 16 Car 0 1 -0.422566 502.787872 166.760684 553.311386 183.168305 1.500000 1.697545 4.453753 -7.268142 0.218940 67.247180 -0.527894
3 1 Pedestrian 0 1 -2.104450 936.643693 153.602184 960.096971 216.562835 1.862500 0.545063 1.161632 10.315783 1.065542 21.576367 -1.662479
3 2 Pedestrian 0 0 -2.111629 945.081733 153.538226 972.797351 215.603960 1.842517 0.564026 1.229738 11.117152 1.040721 21.687758 -1.642182
3 16 Car 0 1 -0.470477 503.605598 166.765746 553.861079 183.126392 1.500000 1.697545 4.453753 -7.208548 0.215914 67.334084 -0.574798
4 1 Pedestrian 0 1 -2.120756 929.843766 153.812155 952.510433 216.698988 1.862500 0.545063 1.161632 10.336788 1.070787 21.601233 -1.678441
4 2 Pedestrian 0 0 -2.119045 944.797506 153.930066 974.797506 215.934459 1.842517 0.564026 1.229738 11.121915 1.051590 21.708947 -1.649818
4 16 Car 0 1 -0.518387 504.479759 166.771299 554.353539 183.087966 1.500000 1.697545 4.453753 -7.148955 0.212887 67.420988 -0.621703
5 1 Pedestrian 0 1 -2.137062 931.863797 154.021714 955.635208 216.834545 1.862500 0.545063 1.161632 10.357794 1.076032 21.626099 -1.694403
5 2 Pedestrian 0 0 -2.126462 944.920353 154.321072 974.642683 216.264275 1.842517 0.564026 1.229738 11.126678 1.062458 21.730136 -1.657453
5 16 Car 0 1 -0.625479 508.486311 167.299288 557.209460 183.589748 1.500000 1.697545 4.453753 -6.816929 0.259136 67.447337 -0.723916
6 1 Pedestrian 0 1 -2.154001 934.165179 154.216408 958.831844 217.027047 1.862500 0.545063 1.161632 10.384442 1.081743 21.626831 -1.710365
6 2 Pedestrian 0 0 -2.156360 944.228579 154.398401 973.561914 216.276744 1.842517 0.564026 1.229738 11.111495 1.063840 21.752472 -1.688308
6 16 Car 0 1 -0.732572 512.777534 167.795162 559.798203 184.090484 1.500000 1.697545 4.453753 -6.484903 0.305386 67.473687 -0.826129
7 1 Pedestrian 0 1 -2.170938 932.587230 154.411169 956.214377 217.219271 1.862500 0.545063 1.161632 10.411090 1.087453 21.627563 -1.726327
7 2 Pedestrian 0 1 -2.186260 943.537727 154.476211 969.271851 216.287963 1.842517 0.564026 1.229738 11.096311 1.065222 21.774808 -1.719162
7 16 Car 0 1 -0.734423 514.562381 168.595125 561.567811 184.895729 1.500000 1.697545 4.453753 -6.311335 0.380762 67.430639 -0.825517
8 1 Pedestrian 0 1 -2.187875 930.716826 154.605993 953.050160 217.411211 1.862500 0.545063 1.161632 10.437738 1.093164 21.628295 -1.742289
8 2 Pedestrian 0 1 -2.216161 942.826555 154.554490 964.493221 216.297931 1.842517 0.564026 1.229738 11.081128 1.066604 21.797143 -1.750017
8 16 Car 0 1 -0.736280 516.349484 169.366013 563.339703 185.701988 1.500000 1.697545 4.453753 -6.137767 0.456138 67.387591 -0.824905
9 1 Pedestrian 0 1 -2.204811 934.293559 154.800877 958.733616 217.602863 1.862500 0.545063 1.161632 10.464387 1.098875 21.629028 -1.758251
9 2 Pedestrian 0 1 -2.246063 944.458482 154.633225 964.606302 216.306650 1.842517 0.564026 1.229738 11.065944 1.067986 21.819479 -1.780872
9 16 Car 0 1 -0.835905 518.783376 169.345402 563.527053 185.612477 1.500000 1.697545 4.453753 -6.034180 0.448777 67.680376 -0.922632
10 1 Pedestrian 0 1 -2.221747 937.600078 154.995814 963.933411 217.794222 1.862500 0.545063 1.161632 10.491035 1.104586 21.629760 -1.774213
10 2 Pedestrian 0 1 -2.275965 946.259418 154.712403 964.592752 216.314120 1.842517 0.564026 1.229738 11.050761 1.069368 21.841815 -1.811726
10 16 Car 0 0 -0.935515 521.430552 169.278464 563.508520 185.518987 1.500000 1.697545 4.453753 -5.930593 0.441416 67.973161 -1.020360
11 1 Pedestrian 0 1 -2.240154 934.320431 155.148182 961.808511 218.036810 1.862500 0.545063 1.161632 10.542327 1.110155 21.598967 -1.790174
11 2 Pedestrian 0 2 -2.281029 944.030909 154.636550 962.562938 216.269289 1.842517 0.564026 1.229738 11.084602 1.067467 21.830666 -1.815367
11 16 Car 0 0 -1.012452 525.756062 169.178188 565.467145 185.381297 1.500000 1.697545 4.453753 -5.650023 0.430162 68.248716 -1.092886
12 1 Pedestrian 0 1 -2.258563 930.780476 155.301080 959.113809 218.279833 1.862500 0.545063 1.161632 10.593619 1.115723 21.568174 -1.806136
12 2 Pedestrian 0 2 -2.286093 941.654266 154.560639 960.320933 216.224391 1.842517 0.564026 1.229738 11.118443 1.065565 21.819516 -1.819007
12 16 Car 0 0 -1.089356 530.171130 169.079924 567.304685 185.241867 1.500000 1.697545 4.453753 -5.369454 0.418909 68.524270 -1.165413
13 1 Pedestrian 0 0 -2.276972 933.419094 155.454507 957.574144 218.523287 1.862500 0.545063 1.161632 10.644911 1.121292 21.537381 -1.822098
13 2 Pedestrian 0 2 -2.291156 942.572149 154.484669 961.437565 216.179426 1.842517 0.564026 1.229738 11.152284 1.063664 21.808366 -1.822648
13 16 Car 0 0 -1.140601 533.811318 169.006824 569.137804 185.149537 1.500000 1.697545 4.453753 -5.114930 0.411263 68.664345 -1.212832
14 1 Pedestrian 0 0 -2.295383 935.984146 155.608460 955.650813 218.767169 1.862500 0.545063 1.161632 10.696203 1.126860 21.506589 -1.838060
14 2 Pedestrian 0 1 -2.296219 943.554245 154.408640 962.554245 216.134396 1.842517 0.564026 1.229738 11.186125 1.061762 21.797216 -1.826288
14 16 Car 0 0 -1.191832 537.485938 168.934666 570.922438 185.056403 1.500000 1.697545 4.453753 -4.860406 0.403617 68.804420 -1.260251
15 1 Pedestrian 0 0 -2.313795 938.291751 155.762939 961.891694 219.011475 1.862500 0.545063 1.161632 10.747495 1.132429 21.475796 -1.854022
15 2 Pedestrian 0 1 -2.301280 944.714140 154.332552 966.746265 216.089298 1.842517 0.564026 1.229738 11.219966 1.059861 21.786067 -1.829929
15 16 Car 0 1 -1.227275 541.227634 168.859772 573.289836 184.957145 1.500000 1.697545 4.453753 -4.572745 0.395285 68.937342 -1.291424
16 1 Pedestrian 0 0 -2.334042 942.205730 155.876043 969.539063 219.363639 1.862500 0.545063 1.161632 10.824146 1.138464 21.395943 -1.869984
16 2 Pedestrian 0 1 -2.342579 947.423788 154.383909 972.423787 216.355796 1.842517 0.564026 1.229738 11.289994 1.063997 21.708472 -1.867288
16 16 Car 0 1 -1.262703 544.975811 168.785491 575.630802 184.857734 1.500000 1.697545 4.453753 -4.285085 0.386952 69.070264 -1.322598
17 1 Pedestrian 0 0 -2.354303 946.728468 155.990108 973.077080 219.718226 1.862500 0.545063 1.161632 10.900797 1.144499 21.316090 -1.885946
17 2 Pedestrian 0 1 -2.383889 950.753621 154.436577 976.173698 216.622529 1.842517 0.564026 1.229738 11.360023 1.068134 21.630877 -1.904648
17 16 Car 0 2 -1.304929 549.411967 168.703325 578.373996 184.759010 1.500000 1.697545 4.453753 -3.941313 0.378555 69.168323 -1.359806
18 1 Pedestrian 0 0 -2.374576 951.013426 156.105141 976.013425 220.075259 1.862500 0.545063 1.161632 10.977447 1.150535 21.236237 -1.901908
18 2 Pedestrian 0 2 -2.425211 953.996172 154.490548 979.329504 216.889473 1.842517 0.564026 1.229738 11.430052 1.072270 21.553282 -1.942007
18 16 Car 0 2 -1.347143 553.862613 168.621894 581.087201 184.659861 1.500000 1.697545 4.453753 -3.597541 0.370157 69.266381 -1.397015
19 1 Pedestrian 0 0 -2.394862 952.925282 156.221148 981.248090 220.434756 1.862500 0.545063 1.161632 11.054098 1.156570 21.156385 -1.917869
19 2 Pedestrian 0 2 -2.437701 958.873520 154.479202 982.699238 217.265246 1.842517 0.564026 1.229738 11.517384 1.076653 21.423249 -1.948908
19 16 Car 0 2 -1.375085 557.788966 168.537402 583.801866 184.539904 1.500000 1.697545 4.453753 -3.281109 0.359987 69.428264 -1.420311
20 1 Pedestrian 0 0 -2.422648 955.584094 155.986150 986.917427 220.604770 1.862500 0.545063 1.161632 11.127025 1.154108 21.023943 -1.940444
20 2 Pedestrian 0 2 -2.450226 963.906957 154.467752 985.906956 217.645703 1.842517 0.564026 1.229738 11.604716 1.081037 21.293215 -1.955809
20 16 Car 0 1 -1.403008 561.707076 168.453537 586.495630 184.420211 1.500000 1.697545 4.453753 -2.964678 0.349817 69.590148 -1.443608
21 1 Pedestrian 0 0 -2.450470 962.427806 155.748683 992.519398 220.776308 1.862500 0.545063 1.161632 11.199951 1.151647 20.891501 -1.963018
21 2 Pedestrian 0 2 -2.462784 969.620524 154.451583 995.590606 218.030931 1.842517 0.564026 1.229738 11.692048 1.085421 21.163182 -1.962709
21 16 Car 0 1 -1.498649 566.949058 167.006250 587.636572 182.984265 1.500000 1.697545 4.453753 -2.654479 0.214369 69.568405 -1.534806
22 1 Pedestrian 0 0 -2.478329 969.344704 155.500770 997.678036 220.949393 1.862500 0.545063 1.161632 11.272877 1.149185 20.759060 -1.985592
22 2 Pedestrian 0 1 -2.501312 976.291290 154.442178 1005.957957 218.423031 1.842517 0.564026 1.229738 11.812029 1.090162 21.035031 -1.994413
22 16 Car 0 1 -1.594293 571.776360 165.564627 590.333527 181.541070 1.500000 1.697545 4.453753 -2.344281 0.078920 69.546662 -1.626004
23 1 Pedestrian 0 1 -2.506224 973.241053 155.241152 999.120912 221.124052 1.862500 0.545063 1.161632 11.345803 1.146723 20.626618 -2.008166
23 2 Pedestrian 0 2 -2.539871 980.921315 154.433402 1005.008873 218.818701 1.842517 0.564026 1.229738 11.932010 1.094903 20.906881 -2.026116
23 16 Car 0 1 -1.593903 575.774765 165.465127 594.319996 181.449213 1.500000 1.697545 4.453753 -1.950833 0.069994 69.517080 -1.619998
24 1 Pedestrian 0 0 -2.534155 977.020715 154.978424 1000.020715 221.300311 1.862500 0.545063 1.161632 11.418729 1.144262 20.494176 -2.030740
24 2 Pedestrian 0 2 -2.578459 985.689358 154.425277 1003.689358 219.217978 1.842517 0.564026 1.229738 12.051991 1.099644 20.778730 -2.057820
24 16 Car 0 0 -1.593519 579.776137 165.365541 598.310301 181.357278 1.500000 1.697545 4.453753 -1.557386 0.061068 69.487499 -1.613993
25 1 Pedestrian 0 0 -2.562124 980.454266 154.712539 1010.944514 221.478196 1.862500 0.545063 1.161632 11.491656 1.141800 20.361735 -2.053314
25 2 Pedestrian 0 2 -2.591169 992.577331 154.404009 1016.196204 219.781169 1.842517 0.564026 1.229738 12.088217 1.105744 20.598643 -2.065533
25 16 Car 0 0 -1.614267 582.867415 165.287943 602.308309 181.260209 1.500000 1.697545 4.453753 -1.211399 0.052302 69.560633 -1.629768
26 1 Pedestrian 0 0 -2.604767 982.838850 154.438220 1020.505515 221.707139 1.862500 0.545063 1.161632 11.532893 1.139911 20.212630 -2.091352
26 2 Pedestrian 0 1 -2.603936 999.473474 154.382401 1028.473473 220.354525 1.842517 0.564026 1.229738 12.124444 1.111845 20.418555 -2.073247
26 16 Car 0 0 -1.635005 585.955976 165.210674 606.293270 181.163257 1.500000 1.697545 4.453753 -0.865412 0.043537 69.633766 -1.645543
27 1 Pedestrian 0 0 -2.647454 996.337779 154.160845 1027.249291 221.937444 1.862500 0.545063 1.161632 11.574130 1.138022 20.063526 -2.129390
27 2 Pedestrian 0 1 -2.616760 1004.963008 154.360442 1034.320826 220.938324 1.842517 0.564026 1.229738 12.160671 1.117945 20.238468 -2.080960
27 16 Car 0 0 -1.717171 585.343596 165.358923 609.231587 181.301042 1.500000 1.697545 4.453753 -0.754645 0.058735 69.619899 -1.726132
28 1 Pedestrian 0 1 -2.690184 1009.963762 153.880397 1033.630429 222.169134 1.862500 0.545063 1.161632 11.615367 1.136133 19.914421 -2.167428
28 2 Pedestrian 0 1 -2.596296 1004.170333 155.001454 1033.503665 221.757697 1.842517 0.564026 1.229738 12.086583 1.137399 20.187010 -2.062079
28 16 Car 0 0 -1.799338 584.801906 165.510110 612.081309 181.437596 1.500000 1.697545 4.453753 -0.643878 0.073933 69.606031 -1.806720
29 1 Pedestrian 0 1 -2.732958 1004.144243 153.596858 1034.090706 222.402237 1.862500 0.545063 1.161632 11.656605 1.134245 19.765317 -2.205466
29 2 Pedestrian 0 1 -2.575820 1002.589083 155.646185 1035.745170 222.580921 1.842517 0.564026 1.229738 12.012494 1.156853 20.135552 -2.043199
29 16 Car 0 0 -1.822504 581.354370 167.139508 609.553975 183.067761 1.500000 1.697545 4.453753 -0.938633 0.229782 69.616368 -1.834127
30 1 Pedestrian 0 1 -2.573635 987.946040 156.377240 1023.946039 225.224920 1.862500 0.545063 1.161632 11.478366 1.208582 19.764982 -2.052824
30 2 Pedestrian 0 1 -2.555333 1000.828062 156.294641 1037.828061 223.407993 1.842517 0.564026 1.229738 11.938406 1.176306 20.084094 -2.024318
30 16 Car 0 0 -1.845672 577.914079 168.766907 607.019170 184.697548 1.500000 1.697545 4.453753 -1.233388 0.385631 69.626705 -1.861533
31 1 Pedestrian 0 1 -2.601005 990.740462 156.205395 1022.091031 225.222056 1.862500 0.545063 1.161632 11.246849 1.205839 19.716769 -2.087897
31 2 Pedestrian 0 1 -2.602162 992.663301 157.114169 1027.083198 224.403298 1.842517 0.564026 1.229738 11.734518 1.200949 20.031408 -2.077512
31 16 Car 0 0 -1.864322 571.531098 169.624224 601.360159 185.555393 1.500000 1.697545 4.453753 -1.826428 0.468011 69.626540 -1.888671
32 1 Pedestrian 0 0 -2.628271 993.608819 156.033593 1020.275486 225.217205 1.862500 0.545063 1.161632 11.015331 1.203097 19.668556 -2.122971
32 2 Pedestrian 0 2 -2.648911 984.548727 157.939946 1016.215395 225.399108 1.842517 0.564026 1.229738 11.530630 1.225592 19.978722 -2.130706
32 16 Car 0 0 -1.882975 565.151139 170.480805 595.696436 186.413077 1.500000 1.697545 4.453753 -2.419467 0.550390 69.626375 -1.915809
33 1 Pedestrian 0 0 -2.655431 980.682614 155.861863 1005.676204 225.210375 1.862500 0.545063 1.161632 10.783813 1.200355 19.620342 -2.158044
33 2 Pedestrian 0 2 -2.695578 979.321364 158.771809 1007.326732 226.395206 1.842517 0.564026 1.229738 11.326742 1.250234 19.926035 -2.183900
33 16 Car 0 0 -1.938255 554.274530 169.225286 586.898346 185.140262 1.500000 1.697545 4.453753 -3.385868 0.431143 69.575370 -1.984891
34 1 Pedestrian 0 0 -2.682484 967.790036 155.690239 991.123370 225.201573 1.862500 0.545063 1.161632 10.552296 1.197613 19.572129 -2.193118
34 2 Pedestrian 0 1 -2.696080 968.627130 158.048431 992.960463 225.701623 1.842517 0.564026 1.229738 10.991001 1.230919 19.915984 -2.196901
34 16 Car 0 0 -1.993533 543.420758 167.974123 578.035873 183.864499 1.500000 1.697545 4.453753 -4.352268 0.311896 69.524365 -2.053974
35 1 Pedestrian 0 0 -2.692521 950.604820 155.091296 979.677004 224.604001 1.862500 0.545063 1.161632 10.143896 1.181810 19.568542 -2.219227
35 2 Pedestrian 0 1 -2.696398 958.989140 157.324546 982.246092 225.007166 1.842517 0.564026 1.229738 10.655259 1.211604 19.905933 -2.209902
35 16 Car 0 1 -2.071638 529.266622 168.712710 566.607108 184.624051 1.500000 1.697545 4.453753 -5.591805 0.386152 69.315605 -2.149984
36 1 Pedestrian 0 0 -2.702284 933.532818 154.492881 968.532818 224.005387 1.862500 0.545063 1.161632 9.735496 1.166008 19.564956 -2.245335
36 2 Pedestrian 0 1 -2.696531 949.300606 156.600167 971.633938 224.311847 1.842517 0.564026 1.229738 10.319518 1.192289 19.895881 -2.222903
36 16 Car 0 1 -2.149686 515.119096 169.455714 554.992272 185.385351 1.500000 1.697545 4.453753 -6.831342 0.460409 69.106844 -2.245994
37 1 Pedestrian 0 0 -2.711775 921.688696 153.895038 952.217413 223.405786 1.862500 0.545063 1.161632 9.327097 1.150205 19.561369 -2.271444
37 2 Pedestrian 0 1 -2.701270 936.552456 155.569659 961.691569 223.562069 1.842517 0.564026 1.229738 9.944997 1.167222 19.813792 -2.240819
37 16 Car 0 2 -2.145460 499.117076 168.763403 539.119273 184.738266 1.500000 1.697545 4.453753 -8.355567 0.398283 68.835644 -2.263910
38 1 Pedestrian 0 0 -2.720997 909.921209 153.297809 936.254541 222.805248 1.862500 0.545063 1.161632 8.918697 1.134403 19.557783 -2.297553
38 2 Pedestrian 0 1 -2.705726 923.497553 154.530852 951.497553 222.805576 1.842517 0.564026 1.229738 9.570477 1.142156 19.731702 -2.258735
38 16 Car 0 2 -2.141179 482.979623 168.066421 523.129502 184.111451 1.500000 1.697545 4.453753 -9.879791 0.336157 68.564444 -2.281826
39 1 Pedestrian 0 0 -2.729953 892.196296 152.701234 922.263086 222.203828 1.862500 0.545063 1.161632 8.510298 1.118600 19.554197 -2.323662
39 2 Pedestrian 0 1 -2.716788 905.783021 154.381947 935.100387 222.501569 1.842517 0.564026 1.229738 9.001133 1.136860 19.768677 -2.293851
39 16 Car 0 2 -2.138253 465.486435 166.552736 505.953790 182.754401 1.500000 1.697545 4.453753 -11.486481 0.200320 68.126596 -2.302682
40 1 Pedestrian 0 0 -2.718590 867.621232 153.568746 901.621232 223.236638 1.862500 0.545063 1.161632 7.889967 1.143684 19.506167 -2.338138
40 2 Pedestrian 0 1 -2.727411 888.156969 154.234771 919.156969 222.197165 1.842517 0.564026 1.229738 8.431789 1.131565 19.805652 -2.328968
40 16 Car 0 1 -2.135214 447.756376 164.989185 488.566125 181.378234 1.500000 1.697545 4.453753 -13.093170 0.064483 67.688748 -2.323538
41 1 Pedestrian 0 0 -2.706555 851.620724 154.440581 885.661212 224.274086 1.862500 0.545063 1.161632 7.269636 1.168768 19.458137 -2.352615
41 2 Pedestrian 0 1 -2.737614 867.947268 154.089332 895.591824 221.892438 1.842517 0.564026 1.229738 7.862446 1.126270 19.842628 -2.364084
41 16 Car 0 2 -2.214628 424.149395 166.569270 467.851808 183.061796 1.500000 1.697545 4.453753 -15.089649 0.222783 67.152959 -2.432802
42 1 Pedestrian 0 0 -2.693859 835.659983 155.316749 869.993315 225.316187 1.862500 0.545063 1.161632 6.649305 1.193852 19.410108 -2.367091
42 2 Pedestrian 0 1 -2.731244 847.110605 156.046598 871.777273 224.008437 1.842517 0.564026 1.229738 7.245969 1.181183 19.792599 -2.383747
42 16 Car 0 2 -2.293966 400.249894 168.175305 446.688270 184.781761 1.500000 1.697545 4.453753 -17.086128 0.381082 66.617171 -2.542066
43 1 Pedestrian 0 0 -2.680519 811.014422 156.197267 839.235618 226.362956 1.862500 0.545063 1.161632 6.028974 1.218936 19.362078 -2.381567
43 2 Pedestrian 0 1 -2.724242 824.421632 158.013396 850.175089 226.133849 1.842517 0.564026 1.229738 6.629492 1.236096 19.742571 -2.403409
43 16 Car 0 2 -2.287858 370.916765 169.465212 418.358875 186.275062 1.500000 1.697545 4.453753 -19.521623 0.514076 65.675614 -2.573658
44 1 Pedestrian 0 0 -2.666557 786.597373 157.082146 808.930708 227.414408 1.862500 0.545063 1.161632 5.408643 1.244020 19.314048 -2.396044
44 2 Pedestrian 0 1 -2.713221 793.052364 158.948233 820.052365 227.250280 1.842517 0.564026 1.229738 5.771785 1.263181 19.684119 -2.430631
44 16 Car 0 2 -2.281516 340.692762 170.792339 389.240975 187.814656 1.500000 1.697545 4.453753 -21.957118 0.647070 64.734058 -2.605251
45 1 Pedestrian 0 0 -2.666047 754.832783 157.820769 783.109866 228.522227 1.862500 0.545063 1.161632 4.497959 1.267085 19.205481 -2.437919
45 2 Pedestrian 0 1 -2.701106 759.514879 159.888587 786.080847 228.371559 1.842517 0.564026 1.229738 4.914077 1.290265 19.625666 -2.457853
45 16 Car 0 2 -2.336170 303.902343 172.541330 355.514772 189.870911 1.500000 1.697545 4.453753 -24.735756 0.816764 63.595377 -2.703674
46 1 Pedestrian 0 0 -2.664204 722.701484 158.568435 757.034816 229.639062 1.862500 0.545063 1.161632 3.587275 1.290150 19.096914 -2.479795
46 2 Pedestrian 0 1 -2.687975 725.768256 160.834436 752.101589 229.497667 1.842517 0.564026 1.229738 4.056370 1.317350 19.567214 -2.485075
46 16 Car 0 2 -2.390748 265.746272 174.330513 320.558576 192.014608 1.500000 1.697545 4.453753 -27.514394 0.986457 62.456696 -2.802097
47 1 Pedestrian 0 0 -2.683934 686.876437 159.260111 718.902124 230.888775 1.862500 0.545063 1.161632 2.594272 1.313214 18.931168 -2.548256
47 2 Pedestrian 0 1 -2.684903 691.080688 161.399264 720.090853 230.674619 1.842517 0.564026 1.229738 3.040363 1.337452 19.384652 -2.530114
47 16 Car 0 2 -2.384709 220.571273 175.813951 278.101896 194.014731 1.500000 1.697545 4.453753 -30.541421 1.128511 60.784371 -2.846513
48 1 Pedestrian 0 0 -2.702152 650.473412 159.965893 680.140078 232.151224 1.862500 0.545063 1.161632 1.601269 1.336279 18.765423 -2.616717
48 2 Pedestrian 0 1 -2.680186 655.692251 161.975542 687.358918 231.869594 1.842517 0.564026 1.229738 2.024355 1.357555 19.202090 -2.575153
48 16 Car 0 1 -2.378459 172.724612 177.376380 233.347489 196.134896 1.500000 1.697545 4.453753 -33.568448 1.270565 59.112046 -2.890929
49 1 Pedestrian 0 0 -2.719053 608.017474 160.685800 640.605421 233.426607 1.862500 0.545063 1.161632 0.608266 1.359343 18.599678 -2.685178
49 2 Pedestrian 0 1 -2.673997 618.438029 162.563469 649.525584 233.082975 1.842517 0.564026 1.229738 1.008348 1.377658 19.019528 -2.620192
49 16 Car 0 2 -2.367999 115.565758 177.772240 180.156330 197.212598 1.500000 1.697545 4.453753 -36.919633 1.311300 57.165549 -2.937221
50 1 Pedestrian 0 0 -2.701763 562.651222 159.581812 597.984556 233.868910 1.862500 0.545063 1.161632 -0.423721 1.342559 18.207475 -2.722858
50 2 Pedestrian 0 1 -2.674272 576.251239 161.061955 606.584572 232.832078 1.842517 0.564026 1.229738 -0.101993 1.347817 18.674204 -2.677886
50 16 Car 0 2 -2.414369 46.365069 176.265231 117.925059 196.561919 1.500000 1.697545 4.453753 -40.549054 1.201320 54.904407 -3.046011
51 1 Pedestrian 0 0 -2.682248 521.633804 158.430900 556.245401 234.328449 1.862500 0.545063 1.161632 -1.455708 1.325774 17.815273 -2.760538
51 2 Pedestrian 0 1 -2.672463 538.511867 159.508645 566.666468 232.567363 1.842517 0.564026 1.229738 -1.212335 1.317977 18.328880 -2.735580
51 16 Car 0 3 -2.408386 0.000000 176.726275 54.838170 197.793099 1.500000 1.697545 4.453753 -43.578826 1.250707 52.352874 -3.097878
52 1 Pedestrian 0 0 -2.660765 478.660113 157.230072 511.660114 234.806405 1.862500 0.545063 1.161632 -2.487695 1.308989 17.423070 -2.798218
52 2 Pedestrian 0 1 -2.668897 499.081966 157.901127 524.415300 232.288471 1.842517 0.564026 1.229738 -2.322676 1.288136 17.983556 -2.793273
53 1 Pedestrian 0 0 -2.634212 431.167745 155.885993 466.330834 235.745105 1.862500 0.545063 1.161632 -3.558947 1.293935 16.920466 -2.835899
53 2 Pedestrian 0 1 -2.656783 451.367152 156.983769 482.538595 233.543009 1.842517 0.564026 1.229738 -3.386590 1.282377 17.462196 -2.843100
54 1 Pedestrian 0 0 -2.605620 380.230363 154.461632 416.230363 236.738777 1.862500 0.545063 1.161632 -4.630199 1.278881 16.417862 -2.873579
54 2 Pedestrian 0 1 -2.642493 399.973915 156.013306 435.973916 234.869754 1.842517 0.564026 1.229738 -4.450503 1.276618 16.940836 -2.892927
55 1 Pedestrian 0 0 -2.582694 326.704300 154.180366 367.871188 240.025628 1.862500 0.545063 1.161632 -5.665130 1.297653 15.729410 -2.920086
55 2 Pedestrian 0 1 -2.626462 347.616602 154.984953 380.871723 236.275395 1.842517 0.564026 1.229738 -5.514417 1.270858 16.419477 -2.942754
55 6 Car 0 0 1.892198 1165.451304 167.881280 1221.093352 196.562371 1.851562 1.682812 4.109375 39.857675 1.021821 47.870851 2.584791
56 1 Pedestrian 0 0 -2.558208 267.847376 153.861454 311.847373 243.666792 1.862500 0.545063 1.161632 -6.677173 1.316585 15.028923 -2.966593
56 2 Pedestrian 0 1 -2.576146 290.972689 155.543224 319.639354 240.733494 1.842517 0.564026 1.229738 -6.472996 1.309539 15.676924 -2.958712
56 6 Car 0 0 1.891431 1107.805394 170.752529 1160.436526 199.128955 1.851562 1.682812 4.109375 36.383560 1.206765 48.574284 2.532706
57 1 Pedestrian 0 0 -2.541736 210.356543 153.461862 255.474838 247.818712 1.862500 0.545063 1.161632 -7.486010 1.335699 14.296859 -3.013101
57 2 Pedestrian 0 1 -2.523261 228.660221 156.158030 269.718279 245.640556 1.842517 0.564026 1.229738 -7.431574 1.348220 14.934371 -2.974670
57 6 Car 0 0 1.893270 1051.630247 173.530710 1101.696161 201.623052 1.851562 1.682812 4.109375 32.909444 1.391708 49.277716 2.480620
58 1 Pedestrian 0 0 -2.510275 131.176137 152.850894 173.842806 253.477539 1.862500 0.545063 1.161632 -8.457707 1.356696 13.434873 -3.059608
58 2 Pedestrian 0 1 -2.468339 158.146205 156.838362 209.479537 251.067960 1.842517 0.564026 1.229738 -8.390153 1.386900 14.191818 -2.990629
58 6 Car 0 0 1.895875 998.490967 176.100483 1046.430009 203.968951 1.851562 1.682812 4.109375 29.500971 1.568572 49.896839 2.428535
59 1 Pedestrian 0 0 -2.486058 33.138204 152.207235 122.256738 259.684707 1.862500 0.545063 1.161632 -9.420854 1.376873 12.611256 -3.113714
59 2 Pedestrian 0 1 -2.447346 86.054221 156.074722 133.610560 257.189509 1.842517 0.564026 1.229738 -9.252795 1.404348 13.235923 -3.044348
59 6 Car 0 0 1.900766 946.507497 178.598285 992.670597 206.256461 1.851562 1.682812 4.109375 26.092498 1.745436 50.515961 2.376450
60 1 Pedestrian 1 0 -2.479791 0.000000 150.372384 40.518643 266.231372 1.862500 0.545063 1.161632 -10.144789 1.385200 11.636720 3.101773
60 2 Pedestrian 0 1 -2.423548 11.244322 155.196076 48.910989 264.338265 1.842517 0.564026 1.229738 -10.115437 1.421796 12.280028 -3.098068
60 6 Car 0 0 1.906350 896.762954 178.479227 941.475768 205.814348 1.851562 1.682812 4.109375 22.740164 1.734851 51.079335 2.324364
61 6 Car 0 0 1.907361 850.859231 174.879847 895.035943 202.239844 1.851562 1.682812 4.109375 19.231162 1.472851 50.615325 2.269906
62 6 Car 0 0 1.911473 804.413537 175.298842 848.143118 202.810006 1.851562 1.682812 4.109375 15.814505 1.504321 50.364945 2.215448
63 6 Car 0 0 1.918417 757.362636 175.721133 800.920778 203.383072 1.851562 1.682812 4.109375 12.397848 1.535790 50.114565 2.160990
64 6 Car 0 0 1.920950 714.623574 175.121035 758.665900 203.297339 1.851562 1.682812 4.109375 9.202661 1.498654 49.119559 2.106532
65 6 Car 0 0 1.927130 669.956365 174.500001 714.816294 203.203872 1.851562 1.682812 4.109375 6.007475 1.461517 48.124554 2.052074
66 6 Car 0 0 1.938530 628.082068 173.585586 674.270297 202.844579 1.851562 1.682812 4.109375 3.137154 1.406394 47.085142 2.006203
67 6 Car 0 0 1.945647 589.446420 171.615127 637.146861 201.604996 1.851562 1.682812 4.109375 0.602811 1.292601 45.866915 1.960332
68 6 Car 0 0 1.947166 554.793644 169.566744 604.087339 200.543286 1.851562 1.682812 4.109375 -1.541825 1.188506 44.506027 1.914460
69 6 Car 0 0 1.958087 521.709262 167.780441 573.332486 199.853539 1.851562 1.682812 4.109375 -3.434991 1.107673 43.111682 1.880876
70 6 Car 0 0 1.964034 491.911062 165.417579 545.965111 198.755890 1.851562 1.682812 4.109375 -4.992218 1.003900 41.609796 1.847292
71 6 Car 0 0 1.977307 464.625309 165.158671 521.756556 199.827140 1.851562 1.682812 4.109375 -6.266252 1.022683 40.103944 1.825288
72 6 Car 0 0 1.986715 439.861450 169.365432 500.220185 205.491191 1.851562 1.682812 4.109375 -7.275879 1.273502 38.531216 1.803283
73 6 Car 0 0 1.996642 414.172996 172.295098 478.172887 210.048066 1.851562 1.682812 4.109375 -8.215968 1.443061 36.943098 1.781279
74 6 Car 0 0 2.003959 392.445591 171.914405 460.131423 211.421792 1.851562 1.682812 4.109375 -8.863036 1.443476 35.408113 1.762457
75 6 Car 0 0 2.011621 369.918857 171.477877 441.743018 212.925000 1.851562 1.682812 4.109375 -9.447134 1.443178 33.861008 1.743636
76 6 Car 0 0 2.021356 345.081696 170.996998 421.704067 214.582406 1.851562 1.682812 4.109375 -10.031233 1.442881 32.313904 1.724815
77 6 Car 0 0 2.033363 317.558491 170.464658 399.782582 216.419049 1.851562 1.682812 4.109375 -10.615331 1.442583 30.766800 1.705994
77 7 Car 0 0 1.846166 527.139206 178.428606 556.521942 196.240743 1.492914 1.580329 3.843750 -5.515104 1.329599 62.473739 1.760175
78 6 Car 0 0 2.054169 292.397136 170.212938 381.488855 218.814785 1.851562 1.682812 4.109375 -10.959731 1.455306 29.201760 1.700393
78 7 Car 0 0 1.853056 516.581964 178.021211 547.038308 196.286325 1.492914 1.580329 3.843750 -6.236802 1.298036 60.886790 1.753134
79 6 Car 0 0 2.077336 264.160407 169.930394 361.265536 221.503280 1.851562 1.682812 4.109375 -11.304130 1.468029 27.636721 1.694792
79 7 Car 0 0 1.860646 505.440308 177.592753 537.063454 196.334395 1.492914 1.580329 3.843750 -6.958501 1.266473 59.299841 1.746093
80 6 Car 0 0 2.097302 237.856520 169.548143 343.266248 224.266403 1.851562 1.682812 4.109375 -11.505810 1.477169 26.165615 1.689191
80 7 Car 0 0 1.863794 497.514852 176.986226 530.210233 196.239077 1.492914 1.580329 3.843750 -7.367194 1.222119 57.657647 1.739053
81 6 Car 0 0 2.119618 208.137581 169.116169 323.286301 227.388182 1.851562 1.682812 4.109375 -11.707491 1.486309 24.694510 1.683590
81 7 Car 0 0 1.867507 489.108117 176.345396 522.968594 196.137920 1.492914 1.580329 3.843750 -7.775888 1.177766 56.015453 1.732012
82 6 Car 0 0 2.144572 174.292171 168.624094 300.979860 230.943296 1.851562 1.682812 4.109375 -11.909171 1.495449 23.223404 1.677989
82 7 Car 0 0 1.871002 480.821914 177.473278 515.914874 197.960991 1.492914 1.580329 3.843750 -8.135251 1.276865 54.366373 1.724971
83 6 Car 0 0 2.170870 136.729658 168.897843 277.163957 235.950429 1.851562 1.682812 4.109375 -12.056450 1.528318 21.725977 1.672148
83 7 Car 0 0 1.881593 470.314413 176.230271 507.051089 197.295950 1.492914 1.580329 3.843750 -8.607946 1.188105 52.712564 1.722357
84 6 Car 0 0 2.200510 92.983520 169.216821 250.146174 241.781583 1.851562 1.682812 4.109375 -12.203729 1.561187 20.228550 1.666307
84 7 Car 0 0 1.888635 462.397514 176.033900 500.732917 197.807432 1.492914 1.580329 3.843750 -8.843782 1.183595 51.023302 1.719743
85 6 Car 0 0 2.229957 46.166613 169.529604 222.763838 248.410302 1.851562 1.682812 4.109375 -12.268848 1.591951 18.770455 1.660465
85 7 Car 0 0 1.896299 453.917245 175.824573 493.997794 198.355308 1.492914 1.580329 3.843750 -9.079619 1.179084 49.334040 1.717129
86 6 Car 0 0 2.263310 0.000000 169.902322 191.257491 256.272996 1.851562 1.682812 4.109375 -12.333968 1.622715 17.312360 1.654624
86 7 Car 0 0 1.902863 446.185373 176.493412 488.088473 199.912241 1.492914 1.580329 3.843750 -9.223434 1.237041 47.631750 1.714516
87 6 Car 0 0 2.299973 0.000000 170.962415 154.938188 266.339480 1.851562 1.682812 4.109375 -12.377910 1.665572 15.835456 1.647897
87 7 Car 0 0 1.910066 437.856235 177.209894 481.758167 201.589445 1.492914 1.580329 3.843750 -9.367250 1.294998 45.929460 1.711902
88 6 Car 1 0 2.341804 0.000000 172.654885 112.084874 269.278416 1.851562 1.682812 4.109375 -12.421852 1.708429 14.358552 1.641170
88 7 Car 0 0 1.919583 429.103640 178.183143 475.277761 203.619862 1.492914 1.580329 3.843750 -9.494411 1.366250 44.231769 1.711269
89 6 Car 1 0 2.389510 0.000000 174.408172 60.760625 271.448644 1.851562 1.682812 4.109375 -12.465794 1.751287 12.881648 1.634443
89 7 Car 0 0 1.929854 419.621245 179.230914 468.301226 205.819546 1.492914 1.580329 3.843750 -9.621572 1.437501 42.534078 1.710636
90 7 Car 0 0 1.940031 409.810695 179.853187 461.200257 207.650207 1.492914 1.580329 3.843750 -9.723613 1.478058 40.843110 1.709693
91 7 Car 0 0 1.951095 399.111400 180.526828 453.513213 209.646677 1.492914 1.580329 3.843750 -9.825654 1.518614 39.152142 1.708750
92 7 Car 0 0 1.963720 386.939956 180.982398 444.744746 211.525987 1.492914 1.580329 3.843750 -9.951719 1.543845 37.464361 1.707807
93 7 Car 0 0 1.976929 373.974398 180.874107 435.470441 212.872909 1.492914 1.580329 3.843750 -10.075451 1.536964 35.830277 1.706745
94 7 Car 0 0 1.991359 359.699907 180.755991 425.354750 214.355777 1.492914 1.580329 3.843750 -10.199182 1.530084 34.196193 1.705682
95 7 Car 0 0 2.006535 344.387556 178.136428 414.715019 213.219544 1.492914 1.580329 3.843750 -10.300631 1.402201 32.558272 1.704620
96 7 Car 0 0 2.020470 327.687320 180.466175 403.158700 217.816514 1.492914 1.580329 3.843750 -10.390273 1.515435 30.916416 1.701007
97 7 Car 0 0 2.036191 308.882082 180.733280 390.292508 220.353049 1.492914 1.580329 3.843750 -10.483872 1.527206 29.274336 1.697394
98 7 Car 0 0 2.053875 287.679929 181.030120 375.994224 223.212834 1.492914 1.580329 3.843750 -10.577471 1.538976 27.632257 1.693781
99 7 Car 0 0 2.073812 263.591329 181.361953 360.010714 226.461864 1.492914 1.580329 3.843750 -10.671069 1.550747 25.990177 1.690168
100 7 Car 0 0 2.100285 236.024506 180.827276 342.263992 229.073872 1.492914 1.580329 3.843750 -10.770902 1.528997 24.372767 1.690662
101 7 Car 0 0 2.129696 204.200034 180.222175 322.180523 232.089148 1.492914 1.580329 3.843750 -10.870734 1.507248 22.755356 1.691155
101 14 Car 0 0 1.667235 567.967323 171.943558 588.776138 187.405058 1.403808 1.535471 4.500000 -2.466850 0.613923 67.317107 1.632517
102 7 Car 0 0 2.162517 167.048986 179.531756 299.266256 235.608897 1.492914 1.580329 3.843750 -10.970567 1.485498 21.137946 1.691648
102 14 Car 0 0 1.674805 564.589079 170.511488 586.581838 186.605182 1.403808 1.535471 4.500000 -2.627543 0.518193 64.766496 1.636224
103 7 Car 0 0 2.198189 124.400405 180.654829 273.812851 242.015458 1.492914 1.580329 3.843750 -11.051066 1.521624 19.539593 1.692142
103 14 Car 0 0 1.671618 560.244684 171.850791 583.075149 188.692544 1.403808 1.535471 4.500000 -2.858072 0.670817 61.983081 1.627523
104 7 Car 0 0 2.238326 73.299718 181.959725 244.240238 249.691054 1.492914 1.580329 3.843750 -11.131565 1.557750 17.941240 1.692635
104 14 Car 0 0 1.668944 555.475674 173.320851 579.250663 190.984313 1.403808 1.535471 4.500000 -3.088601 0.823440 59.199667 1.618822
105 7 Car 0 0 2.283684 10.958014 183.494487 209.460450 259.153746 1.492914 1.580329 3.843750 -11.212064 1.593876 16.342887 1.693128
105 14 Car 0 0 1.666856 550.216470 174.941784 575.063237 193.512045 1.403808 1.535471 4.500000 -3.319130 0.976064 56.416253 1.610121
