0, 0, 10.55, 1.28142, 20.9226, 2.18983, 32.1274, 5.07044, 42.8344, 8.63004, 53.7001, 11.7779
0, 10, 10.6908, 11.3857, 21.2129, 12.4232, 31.9827, 14.4852, 42.9788, 18.8057, 52.6944, 21.469
0, 20, 10.8094, 21.4824, 20.3165, 22.3478, 28.888, 24.5663, 40.234, 27.2578, 52.2668, 29.7252
0, 30, 9.33933, 31.2246, 18.0987, 31.8553, 25.5481, 32.2863, 33.5483, 39.4395, 47.9491, 45.5975
0, 40, 9.1645, 40.4687, 17.912, 41.0243, 25.6723, 41.2758, 32.882, 48.4791, 47.1806, 56.344
0, 50, 8.92845, 50.2779, 17.6744, 50.9704, 25.4897, 51.1951, 32.4608, 50.5365, 46.9472, 56.7064
0, 60, 8.86991, 60.2725, 17.6181, 60.9261, 25.4699, 61.3252, 32.6279, 61.6734, 47.5345, 62.3139
0, 70, 8.85215, 70.2734, 17.6922, 71.0017, 25.5659, 71.5077, 31.972, 70.5814, 49.9316, 71.3877
0, 80, 8.66796, 80.0779, 17.6235, 80.7128, 25.5027, 81.1559, 33.154, 80.3034, 53.068, 80.614
0, 90, 8.62903, 90.0235, 17.4794, 90.5432, 25.3569, 91.0656, 39.0193, 91.2595, 57.497, 91.9791
0, 100, 8.1681, 99.8986, 16.8739, 100.324, 24.4552, 100.737, 40.2337, 101.127, 59.9831, 102.025
0, 110, 7.96142, 109.852, 16.1781, 110.196, 25.8132, 110.841, 53.7873, 112.963, 76.2744, 113.943
10, 0, 19.6563, 1.36398, 29.6733, 2.2623, 39.7661, 3.5905, 49.3587, 5.00603, 58.9258, 7.42912
10, 10, 19.5842, 11.373, 29.4861, 12.2557, 39.4409, 13.5189, 48.8639, 14.8347, 58.156, 17.1606
10, 20, 19.4493, 21.3441, 29.1333, 22.2001, 38.9034, 23.6754, 48.1058, 24.9079, 57.0557, 26.5133
10, 30, 19.1697, 31.0946, 28.5407, 31.6697, 37.8252, 32.3196, 46.6887, 35.4138, 55.4137, 36.6382
10, 40, 18.9448, 40.288, 27.9974, 40.8685, 36.7639, 41.3932, 44.8529, 46.8309, 53.4779, 65.5345
10, 50, 18.6566, 50.3905, 27.5401, 51.0762, 36.0706, 51.4084, 44.5476, 51.5632, 53.4655, 52.6157
10, 60, 18.5053, 60.3454, 27.3017, 60.9898, 35.6641, 61.3656, 43.9167, 61.661, 53.1739, 62.0943
10, 70, 18.3589, 70.375, 27.1278, 71.0639, 35.31, 71.5164, 43.3571, 71.6149, 53.0752, 71.9452
10, 80, 18.1606, 80.0974, 26.933, 80.7118, 35.1057, 81.1089, 43.1594, 80.6197, 54.5197, 78.9722
10, 90, 18.1961, 90.0307, 26.9438, 90.5437, 34.9309, 90.9746, 43.9232, 90.8502, 57.6547, 91.0025
10, 100, 17.6956, 99.8749, 26.2863, 100.277, 33.9508, 100.632, 43.0279, 100.274, 57.9729, 100.591
10, 110, 17.6099, 109.839, 25.8854, 110.193, 34.5497, 110.665, 44.7898, 110.41, 68.566, 111.731
10, 120, 16.9229, 119.687, 24.5012, 119.822, 34.4888, 120.088, 44.4701, 120.612, 62.8863, 121.719
10, 130, 16.9846, 128.846, 24.2482, 128.483, 31.3811, 127.766, 36.2938, 125.798, 45.4685, 125.395
10, 140, 16.9712, 138.785, 24.3312, 138.606, 31.26, 138.367, 36.4077, 134.726, 45.5519, 127.244
10, 150, 17.1847, 148.834, 25.3043, 148.6, 31.4954, 148.177, 39.7578, 139.576, 49.5653, 136.59
10, 160, 17.7821, 159.028, 26.6337, 158.832, 33.2036, 158.853, 43.7853, 146.19, 54.2022, 144.087
20, 0, 29.485, 1.19289, 39.3816, 2.14319, 49.3329, 3.32708, 58.829, 4.66922, 68.2483, 6.51618
20, 10, 29.4487, 11.2015, 39.2551, 12.1507, 49.1027, 13.2997, 58.4446, 14.5096, 67.7254, 16.2192
20, 20, 29.3351, 21.193, 39.0012, 22.1245, 48.7048, 23.2097, 57.8681, 24.2753, 66.9788, 26.0165
20, 30, 29.1216, 30.8794, 38.634, 31.5401, 48.0909, 32.438, 57.073, 32.9073, 66.0167, 34.2497
20, 40, 28.9075, 40.5932, 38.1726, 41.3543, 47.1919, 42.6723, 55.9009, 42.7821, 64.7807, 46.432
20, 50, 28.6422, 50.4572, 37.7207, 51.207, 46.5229, 51.7712, 54.9438, 52.1142, 64.2732, 52.5656
20, 60, 28.3937, 60.3178, 37.2672, 60.9793, 45.7533, 61.3886, 53.7762, 61.6924, 63.2013, 62.1354
20, 70, 28.1351, 70.3355, 36.8285, 70.9878, 45.071, 71.3619, 52.7916, 71.6065, 62.2469, 72.3244
20, 80, 27.8306, 80.1121, 36.2569, 80.6804, 44.3436, 81.0166, 52.1863, 80.9202, 62.3202, 81.1311
20, 90, 27.6881, 90.0357, 35.9432, 90.5053, 43.7881, 90.8582, 51.9334, 90.8501, 63.4078, 91.1159
20, 100, 27.4807, 99.9441, 35.636, 100.322, 43.2567, 100.647, 51.4508, 100.543, 64.781, 100.989
20, 110, 27.6439, 109.919, 35.5604, 110.277, 42.5776, 110.587, 52.2019, 110.469, 74.6766, 111.656
20, 120, 26.8436, 119.768, 34.2164, 119.997, 41.246, 120.145, 50.3396, 120.843, 70.056, 122.105
20, 130, 27.0287, 129.09, 34.2569, 128.906, 41.2156, 128.607, 48.0589, 127.506, 61.3419, 128.228
20, 140, 26.8774, 138.871, 33.8998, 138.571, 40.6765, 138.45, 46.6096, 137.05, 59.2631, 131.591
20, 150, 27.0525, 148.923, 34.1642, 148.706, 40.7258, 148.445, 45.8959, 146.942, 56.1512, 145.48
20, 160, 27.4385, 159.066, 34.7045, 158.955, 41.1936, 159.054, 47.0317, 151.537, 56.9642, 150.614
20, 170, 27.8409, 169.163, 35.6012, 169.082, 42.2962, 169.09, 47.6079, 168.593, 59.9911, 167.765
20, 180, 28.1997, 179.086, 36.6732, 178.874, 43.9929, 178.779, 50.8659, 178.627, 61.8609, 177.91
20, 190, 28.4807, 189.097, 37.3288, 188.811, 45.3368, 188.556, 53.609, 188.487, 63.4751, 187.963
20, 200, 28.8579, 198.999, 38.0136, 198.658, 46.3553, 198.292, 54.7773, 198.177, 64.2499, 197.717
20, 210, 29.2116, 209.051, 38.5363, 208.66, 47.1927, 208.303, 55.7937, 208.246, 65.1694, 207.802
20, 220, 28.8483, 219.114, 38.1739, 218.697, 46.9997, 218.231, 55.9517, 218.128, 65.2831, 217.652
20, 230, 28.6587, 229.188, 37.9621, 228.794, 46.9427, 228.345, 56.2063, 228.204, 65.6113, 227.72
30, 0, 39.4316, 1.1846, 49.3194, 2.1361, 59.2491, 3.30474, 68.7064, 4.54654, 78.1014, 6.4524
30, 10, 39.3992, 11.1797, 49.1908, 12.1147, 59.0235, 13.2574, 68.3396, 14.4149, 77.5903, 16.2432
30, 20, 39.2891, 21.1697, 48.9384, 22.0914, 58.6327, 23.1974, 67.7824, 24.2126, 76.8881, 25.8189
30, 30, 39.0922, 30.8623, 48.5824, 31.4806, 58.1058, 32.276, 67.0724, 32.7902, 75.9948, 34.0792
30, 40, 38.8333, 41.1831, 47.9977, 42.7078, 57.234, 43.5034, 65.9521, 44.1294, 75.5029, 40.576
30, 50, 38.5582, 50.5553, 47.5557, 51.3125, 56.6116, 51.9781, 65.1611, 52.4543, 74.3815, 52.9712
30, 60, 38.2035, 60.3314, 46.9078, 60.9905, 55.6389, 61.4718, 63.9024, 61.8422, 73.1722, 62.3052
30, 70, 37.887, 70.3148, 46.3375, 70.9601, 54.7616, 71.3999, 62.7641, 71.7599, 72.0184, 72.344
30, 80, 37.5733, 80.1064, 45.823, 80.6714, 53.9618, 81.0189, 61.7762, 81.1293, 71.2241, 81.8921
30, 90, 37.4517, 90.0189, 45.6399, 90.5042, 53.5912, 90.8573, 61.4965, 90.9609, 71.4123, 91.6147
30, 100, 37.3169, 99.962, 45.4194, 100.387, 53.3458, 100.733, 61.2859, 100.815, 72.6283, 101.722
30, 110, 37.4562, 109.928, 45.5578, 110.331, 53.2654, 110.672, 61.7638, 110.734, 78.6654, 111.703
30, 120, 36.7887, 119.757, 44.355, 120.079, 51.4346, 120.25, 59.6814, 120.492, 77.8803, 121.256
30, 130, 36.7995, 129.422, 43.7764, 129.622, 50.5034, 129.575, 57.1418, 129.218, 70.9785, 130.343
30, 140, 36.6178, 138.964, 43.3772, 138.776, 49.7881, 138.633, 55.8839, 137.945, 68.2871, 138.08
30, 150, 36.8103, 149.005, 43.7184, 148.839, 49.9741, 148.628, 55.5983, 147.892, 65.9887, 147.259
30, 160, 37.1457, 159.206, 44.4169, 159.196, 50.8332, 159.214, 56.3759, 158.987, 66.3408, 158.416
30, 170, 37.5695, 169.29, 45.4007, 169.267, 52.1068, 169.344, 57.5474, 169.309, 67.3181, 168.763
30, 180, 37.8894, 179.27, 46.2495, 179.095, 53.5526, 179.123, 59.67, 179.268, 69.1089, 178.789
30, 190, 38.2231, 189.295, 46.8874, 189.08, 54.6493, 189.011, 61.7088, 189.07, 70.8596, 188.624
30, 200, 38.2922, 199.19, 47.022, 198.958, 55.0717, 198.831, 62.6691, 198.856, 71.7234, 198.278
30, 210, 38.5434, 209.214, 47.2301, 208.945, 55.7032, 208.79, 63.9796, 208.786, 73.1882, 208.239
30, 220, 38.5386, 219.162, 47.4223, 218.863, 56.1664, 218.556, 65.1073, 218.451, 74.3968, 217.989
30, 230, 38.3154, 229.175, 47.2127, 228.88, 56.2331, 228.584, 65.4797, 228.467, 74.8544, 227.993
40, 0, 49.3751, 1.19008, 59.2163, 2.17266, 69.1338, 3.3397, 78.596, 4.50977, 87.9733, 6.31635
40, 10, 49.3554, 11.1823, 59.1064, 12.1408, 68.926, 13.2706, 78.2466, 14.3809, 87.4865, 16.1197
40, 20, 49.2534, 21.1744, 58.8764, 22.1073, 68.5559, 23.1917, 77.7094, 24.187, 86.8102, 25.7008
40, 30, 49.0827, 30.7956, 58.5582, 31.2877, 68.0706, 32.0224, 77.0332, 32.5905, 85.9528, 33.85
40, 40, 48.7974, 41.741, 57.8959, 43.6482, 66.9787, 45.365, 75.6042, 46.3772, 85.9939, 34.5871
40, 50, 48.5406, 50.5637, 57.5111, 51.2998, 66.5307, 51.98, 75.0823, 52.4609, 84.3603, 52.9952
40, 60, 48.1693, 60.3433, 56.833, 61.0009, 65.5021, 61.5244, 73.7267, 61.8975, 83.0096, 62.4075
40, 70, 47.8421, 70.3132, 56.2241, 70.9606, 64.5712, 71.4129, 72.5218, 71.7965, 81.73, 72.3562
40, 80, 47.3681, 80.1319, 55.4324, 80.7113, 63.4349, 81.0562, 71.0828, 81.246, 80.0026, 82.0154
40, 90, 47.2387, 90.0333, 55.22, 90.5276, 63.0321, 90.8848, 70.63, 91.0291, 79.7861, 91.9046
40, 100, 47.1683, 99.9709, 55.0822, 100.403, 62.9033, 100.74, 70.5085, 100.873, 80.362, 102.459
40, 110, 47.1786, 109.948, 55.0421, 110.374, 62.7697, 110.715, 70.3511, 110.836, 80.5127, 112.735
40, 120, 46.8242, 119.762, 54.3436, 120.089, 61.6239, 120.25, 69.1316, 120.453, 83.9764, 120.797
40, 130, 46.677, 129.49, 53.5725, 129.748, 60.1465, 129.808, 66.6472, 129.817, 80.6309, 131.976
40, 140, 46.5116, 139.075, 53.174, 139, 59.4265, 138.948, 65.525, 138.617, 77.9414, 139.33
40, 150, 46.6716, 149.1, 53.4675, 149.017, 59.5368, 148.898, 65.3956, 148.501, 75.3267, 148.276
40, 160, 46.9769, 159.245, 54.0663, 159.331, 60.3357, 159.395, 66.166, 159.253, 75.5126, 159.025
40, 170, 47.3245, 169.32, 54.9238, 169.344, 61.6629, 169.5, 67.6535, 169.673, 76.6479, 169.108
40, 180, 47.5948, 179.325, 55.7029, 179.218, 63.0761, 179.305, 69.5849, 179.546, 78.4296, 179.068
40, 190, 47.8398, 189.381, 56.2142, 189.232, 64.1443, 189.302, 71.4757, 189.533, 80.3251, 189.068
40, 200, 47.8478, 199.265, 56.3087, 199.092, 64.529, 199.085, 72.3324, 199.222, 81.2421, 198.814
40, 210, 48.1025, 209.282, 56.7178, 209.06, 65.1467, 209.012, 73.2071, 209.113, 82.3867, 208.698
40, 220, 48.0909, 219.203, 56.8885, 218.925, 65.4881, 218.747, 74.198, 218.799, 83.4226, 218.272
40, 230, 47.867, 229.16, 56.734, 228.852, 65.3344, 228.603, 74.4557, 228.634, 83.8049, 228.111
50, 0, 58.0828, 1.02589, 67.2652, 2.03333, 76.6311, 3.14131, 85.8458, 4.06443, 95.5538, 5.69004
50, 10, 58.4102, 11.0428, 67.6755, 12.0664, 76.9712, 13.1639, 86.0413, 14.0519, 95.8771, 15.7584
50, 20, 58.4765, 21.0576, 67.6581, 22.084, 76.7888, 23.1682, 85.6814, 24.0209, 95.7804, 25.5175
50, 30, 58.6524, 30.7478, 67.858, 31.3386, 76.8698, 32.0676, 85.6468, 32.5849, 95.8506, 33.4216
50, 50, 58.1998, 50.5219, 67.007, 51.2306, 75.5913, 51.8808, 84.0203, 52.3521, 95.7373, 53.2737
50, 60, 57.4392, 60.2797, 65.688, 60.9453, 73.8732, 61.395, 81.7322, 61.8046, 91.9097, 62.4335
50, 70, 57.2486, 70.2347, 65.2383, 70.8692, 73.1248, 71.2497, 80.6938, 71.6145, 90.609, 72.2645
50, 80, 57.0732, 80.1341, 64.8905, 80.7247, 72.5672, 81.0593, 79.9556, 81.2708, 89.1632, 82.0954
50, 90, 57.0894, 90.0486, 64.9315, 90.5627, 72.5527, 90.9159, 79.9637, 91.0953, 89.2241, 92.0767
50, 100, 57.1254, 99.9816, 64.9684, 100.422, 72.6821, 100.756, 80.1788, 100.926, 90.6351, 103.124
50, 110, 57.1154, 109.95, 64.8994, 110.389, 72.5172, 110.729, 79.946, 110.901, 89.5944, 113.711
50, 120, 56.7438, 119.754, 64.2489, 120.088, 71.4665, 120.243, 78.8579, 120.445, 93.391, 119.153
50, 130, 56.7643, 129.488, 63.837, 129.715, 70.4889, 129.763, 77.2079, 129.863, 91.5139, 132.794
50, 140, 57.4102, 139.501, 65.0562, 139.732, 71.8871, 139.801, 78.5738, 139.822, 90.4628, 140.399
50, 150, 57.6456, 149.513, 65.5793, 149.708, 72.6943, 149.756, 79.5122, 149.679, 89.1788, 149.695
50, 160, 57.9244, 159.549, 66.1945, 159.751, 73.6346, 159.863, 80.8168, 159.837, 89.7946, 159.816
50, 170, 57.984, 169.497, 66.4391, 169.542, 74.0565, 169.742, 81.217, 169.843, 89.9747, 169.511
50, 180, 57.4906, 179.322, 65.582, 179.235, 73.018, 179.337, 79.8382, 179.566, 88.5924, 179.152
50, 190, 57.7474, 189.345, 66.029, 189.207, 73.9374, 189.312, 81.5201, 189.556, 90.2554, 189.129
50, 200, 57.7548, 199.293, 66.136, 199.086, 74.2794, 199.082, 82.1927, 199.224, 90.9093, 198.859
50, 210, 57.9328, 209.285, 66.4942, 209.052, 74.8989, 209.013, 83.1425, 209.12, 92.1362, 208.789
50, 220, 58.0427, 219.288, 66.8795, 218.989, 75.4923, 218.868, 84.3955, 218.944, 93.502, 218.582
50, 230, 57.7268, 229.241, 66.717, 228.926, 75.4043, 228.728, 84.5999, 228.806, 93.797, 228.4
60, 0, 66.7544, 0.800198, 74.0857, 1.84256, 81.4887, 2.70913, 89.8521, 3.30346, 100.408, 4.80787
60, 10, 66.6152, 10.7821, 73.8954, 11.8072, 81.3215, 12.6633, 89.7343, 13.3007, 100.49, 15.078
60, 20, 66.4718, 20.8162, 73.5885, 21.8471, 81.0113, 22.6961, 89.2634, 23.3453, 100.322, 24.898
60, 50, 65.0251, 50.1078, 70.3112, 50.5241, 78.0287, 50.9744, 86.165, 51.4654, 98.8912, 52.5518
60, 60, 65.934, 60.147, 72.6637, 60.7151, 79.0465, 60.9879, 85.6395, 61.17, 96.5705, 61.967
60, 70, 66.5364, 70.169, 73.8048, 70.7583, 80.7346, 71.0549, 87.3363, 71.2288, 96.6566, 71.8848
60, 80, 66.9874, 80.1515, 74.7067, 80.771, 82.1973, 81.1091, 89.3212, 81.3746, 96.9705, 81.929
60, 90, 66.9938, 90.0813, 74.7521, 90.6665, 82.1987, 91.0041, 89.3801, 91.2088, 97.4965, 91.8964
60, 100, 67.0863, 99.9602, 74.8864, 100.439, 82.4539, 100.79, 89.7479, 100.993, 99.4628, 102.804
60, 110, 67.111, 109.938, 74.9016, 110.426, 82.481, 110.781, 89.7666, 111.004, 98.7276, 113.667
60, 120, 66.6854, 119.728, 74.0531, 120.107, 81.3341, 120.289, 88.5469, 120.439, 99.9893, 120.172
60, 130, 66.6437, 129.431, 73.5946, 129.49, 80.0807, 129.465, 86.9153, 129.425, 102.552, 131.248
60, 140, 68.013, 139.535, 76.5511, 139.697, 84.4453, 139.845, 92.2732, 139.926, 101.188, 140
60, 150, 68.1818, 149.562, 76.8423, 149.73, 84.8159, 149.877, 92.6335, 149.936, 101.068, 149.92
60, 160, 68.3662, 159.597, 77.2124, 159.791, 85.365, 159.962, 93.3138, 160.054, 101.648, 160.015
60, 170, 68.2555, 169.509, 77.0962, 169.656, 85.2744, 169.825, 93.2063, 169.877, 101.531, 169.786
60, 180, 67.1318, 179.349, 75.0195, 179.311, 82.5751, 179.42, 89.7578, 179.618, 98.5136, 179.271
60, 190, 67.4329, 189.422, 75.6042, 189.388, 83.652, 189.528, 91.5304, 189.776, 100.273, 189.381
60, 200, 67.5375, 199.356, 75.7282, 199.22, 83.8946, 199.246, 92.2305, 199.473, 101.026, 199.112
60, 210, 67.7514, 209.354, 76.307, 209.2, 84.7728, 209.19, 93.426, 209.386, 102.402, 209.095
60, 220, 67.837, 219.383, 76.7986, 219.211, 85.5239, 219.153, 94.5819, 219.321, 103.731, 219.069
60, 230, 67.6052, 229.299, 76.7966, 229.102, 85.5563, 228.99, 94.6937, 229.107, 103.938, 228.896
70, 40, 76.3348, 40.6343, 83.2951, 41.3326, 90.2685, 41.6152, 96.974, 42.0767, 103.239, 42.5231
70, 50, 76.3991, 50.307, 83.4501, 50.8761, 90.4224, 51.3199, 97.0342, 51.6243, 103.393, 51.9253
70, 60, 76.3819, 60.2217, 83.3513, 60.8265, 90.3144, 61.1624, 96.7397, 61.3998, 102.952, 61.7627
70, 70, 76.4194, 70.2066, 83.4074, 70.7975, 90.371, 71.1391, 96.8371, 71.3552, 103.16, 71.7065
70, 80, 76.7415, 80.2071, 84.1348, 80.8218, 91.4653, 81.1842, 98.2824, 81.4759, 104.968, 81.8493
70, 90, 76.9273, 90.2146, 84.4764, 90.8195, 91.9219, 91.1929, 98.9171, 91.5098, 106.446, 91.9561
70, 100, 77.0475, 99.9852, 84.7485, 100.422, 92.266, 100.785, 99.539, 101.04, 107.921, 101.807
70, 110, 77.0322, 110.029, 84.7391, 110.556, 92.2465, 110.917, 99.5537, 111.245, 108.03, 112.594
70, 120, 76.5962, 119.629, 83.762, 120, 91.0254, 120.203, 98.251, 120.43, 107.138, 123.599
70, 130, 76.8329, 129.564, 83.8926, 129.583, 90.5885, 129.61, 97.6027, 129.613, 109.251, 130.477
70, 140, 78.4846, 139.678, 87.4053, 139.913, 95.7581, 140.145, 103.962, 140.368, 112.15, 140.351
70, 150, 78.5815, 149.684, 87.6006, 149.936, 95.9601, 150.172, 104.148, 150.387, 112.229, 150.337
70, 160, 78.6871, 159.704, 87.7934, 159.969, 96.2083, 160.215, 104.446, 160.454, 112.551, 160.407
70, 170, 78.4359, 169.589, 87.5465, 169.86, 95.9342, 170.078, 104.105, 170.266, 112.144, 170.205
70, 180, 76.7835, 179.235, 84.3389, 179.25, 92.0475, 179.333, 99.7717, 179.408, 107.796, 179.241
70, 190, 77.3483, 189.466, 85.5834, 189.533, 93.8836, 189.708, 102.011, 189.953, 110.382, 189.719
70, 200, 77.59, 199.415, 86.102, 199.367, 94.6145, 199.48, 103.283, 199.762, 111.916, 199.414
70, 210, 77.85, 209.387, 86.772, 209.329, 95.5686, 209.383, 104.592, 209.691, 113.45, 209.342
70, 220, 78.0937, 219.513, 87.4979, 219.43, 96.6295, 219.434, 105.934, 219.745, 115.123, 219.455
70, 230, 77.7712, 229.405, 87.2125, 229.295, 96.3504, 229.258, 105.823, 229.518, 115.119, 229.257
80, 40, 86.3219, 40.6059, 93.1982, 41.3373, 100.038, 41.8392, 106.71, 42.1342, 113.004, 42.514
80, 50, 86.2998, 50.3641, 93.2657, 50.8768, 100.085, 51.4764, 106.688, 51.6939, 112.929, 51.9427
80, 60, 86.3121, 60.2235, 93.2458, 60.8199, 100.099, 61.1938, 106.592, 61.4917, 112.792, 61.8024
80, 70, 86.3147, 70.2092, 93.2447, 70.8146, 100.109, 71.1719, 106.617, 71.4474, 112.816, 71.7631
80, 80, 86.2974, 80.195, 93.2373, 80.7787, 100.107, 81.1372, 106.622, 81.3945, 112.928, 81.7261
80, 90, 86.2621, 90.2022, 93.0781, 90.7968, 99.9652, 91.1491, 106.31, 91.3867, 113.284, 91.7906
80, 100, 86.1407, 99.9037, 92.8723, 100.231, 99.6781, 100.428, 106.389, 100.596, 116.1, 101.324
80, 110, 85.9036, 109.571, 92.4864, 109.773, 99.3514, 110.114, 106.245, 110.603, 120.83, 112.754
80, 120, 84.5258, 119.705, 90.4143, 120.245, 96.934, 120.609, 103.695, 120.768, 113.519, 123.685
80, 130, 87.3825, 129.651, 95.1734, 129.773, 102.44, 129.885, 109.965, 130.019, 117.891, 130.012
80, 140, 88.7242, 139.765, 97.8131, 140.041, 106.308, 140.334, 114.735, 140.672, 122.785, 140.641
80, 150, 88.8184, 149.768, 97.9506, 150.056, 106.377, 150.349, 114.668, 150.672, 122.62, 150.627
80, 160, 88.8738, 159.778, 98.0229, 160.066, 106.474, 160.367, 114.76, 160.686, 122.673, 160.635
80, 170, 88.6824, 169.713, 97.7782, 169.989, 106.156, 170.252, 114.363, 170.541, 122.312, 170.477
80, 180, 87.4784, 179.332, 95.994, 179.462, 104.046, 179.715, 111.953, 179.976, 119.585, 179.85
80, 190, 87.5888, 189.643, 96.1706, 189.785, 104.606, 189.958, 113.123, 190.227, 121.412, 190.054
80, 200, 87.9055, 199.638, 96.9482, 199.715, 105.659, 199.848, 114.502, 200.089, 123.097, 199.926
80, 210, 88.2325, 209.625, 97.6652, 209.7, 106.645, 209.81, 115.727, 210.063, 124.482, 209.923
80, 220, 88.4593, 219.755, 98.0958, 219.829, 107.362, 219.928, 116.679, 220.197, 125.743, 220.078
90, 0, 96.6743, 0.690073, 103.741, 1.51032, 111.01, 2.24547, 117.982, 2.65563, 124.597, 3.04941
90, 10, 96.6666, 10.7003, 103.73, 11.5105, 110.992, 12.2394, 117.959, 12.6501, 124.578, 13.0547
90, 20, 96.5959, 20.6546, 103.607, 21.3255, 110.74, 21.9815, 117.606, 22.2944, 124.101, 22.8106
90, 30, 96.4428, 30.5341, 103.369, 31.1409, 110.271, 31.7359, 116.94, 32.0515, 123.229, 32.4642
90, 40, 96.3628, 40.5518, 103.322, 41.133, 110.152, 41.7178, 116.761, 42.067, 122.988, 42.5059
90, 50, 96.2827, 50.4909, 103.218, 51.0629, 110.026, 51.6296, 116.591, 51.9649, 122.807, 52.3529
90, 60, 96.2869, 60.2646, 103.194, 60.8689, 109.997, 61.2867, 116.5, 61.6457, 122.713, 61.9014
90, 70, 96.2993, 70.2263, 103.191, 70.8239, 109.992, 71.2158, 116.479, 71.5288, 122.706, 71.8069
90, 80, 96.2865, 80.2101, 103.186, 80.7848, 109.988, 81.1744, 116.466, 81.4624, 122.678, 81.759
90, 90, 96.3647, 90.2126, 103.24, 90.8009, 110.005, 91.1834, 116.397, 91.4633, 122.595, 91.7582
90, 100, 96.3878, 100.033, 103.298, 100.435, 110.025, 100.892, 116.537, 101.084, 122.811, 101.217
90, 110, 96.1602, 109.586, 102.95, 109.625, 109.594, 109.762, 115.995, 109.726, 122.252, 109.791
90, 130, 96.755, 129.595, 103.814, 129.595, 110.237, 129.554, 117.614, 129.62, 124.958, 129.436
90, 140, 98.2263, 139.684, 106.672, 139.858, 114.577, 140.041, 122.446, 140.228, 130.026, 140.112
90, 150, 98.5757, 149.741, 107.254, 149.961, 115.246, 150.19, 123.139, 150.43, 130.816, 150.332
90, 160, 98.621, 159.751, 107.352, 159.981, 115.428, 160.231, 123.419, 160.513, 131.193, 160.435
90, 170, 98.619, 169.738, 107.471, 169.992, 115.726, 170.277, 123.868, 170.612, 131.68, 170.548
90, 180, 98.4801, 179.68, 107.254, 179.938, 115.487, 180.293, 123.632, 180.707, 131.391, 180.666
90, 190, 98.0909, 189.806, 106.772, 190.028, 115.213, 190.301, 123.758, 190.773, 131.91, 190.647
90, 200, 98.6789, 199.803, 108.05, 200.016, 117.042, 200.246, 126.02, 200.708, 134.69, 200.553
90, 210, 98.8988, 209.8, 108.64, 210.001, 117.801, 210.212, 126.981, 210.644, 135.863, 210.495
90, 220, 99.0897, 219.778, 109.096, 219.963, 118.678, 220.149, 128.011, 220.595, 137.198, 220.456
100, 0, 106.681, 0.664639, 113.834, 1.50234, 121.005, 2.24387, 127.925, 2.65679, 134.459, 3.03107
100, 10, 106.674, 10.5903, 113.81, 11.3364, 120.963, 12.0987, 127.861, 12.4885, 134.399, 12.8962
100, 20, 106.607, 20.5723, 113.678, 21.2548, 120.751, 21.9538, 127.577, 22.2712, 134.048, 22.6872
100, 30, 106.484, 30.4728, 113.412, 31.0921, 120.343, 31.7102, 127.067, 32.0077, 133.482, 32.3456
100, 40, 106.421, 40.4689, 113.315, 41.0825, 120.202, 41.6883, 126.896, 41.9991, 133.249, 42.333
100, 50, 106.291, 50.4722, 113.151, 51.0674, 119.98, 51.6385, 126.579, 51.9668, 132.828, 52.3423
100, 60, 106.296, 60.2875, 113.116, 60.8564, 119.925, 61.2768, 126.46, 61.6233, 132.722, 61.8951
100, 70, 106.282, 70.2451, 113.121, 70.8024, 119.886, 71.2287, 126.353, 71.5498, 132.606, 71.8139
100, 80, 106.272, 80.2341, 113.11, 80.7828, 119.877, 81.2071, 126.33, 81.5176, 132.573, 81.7912
100, 90, 106.316, 90.2414, 113.079, 90.7941, 119.803, 91.216, 126.187, 91.5298, 132.452, 91.7989
100, 100, 106.238, 100.17, 113.13, 100.674, 119.836, 101.124, 126.335, 101.376, 132.511, 101.602
100, 110, 106.227, 109.619, 113.069, 109.724, 119.689, 109.877, 126.196, 109.96, 132.382, 109.967
100, 120, 106.3, 119.692, 113.194, 119.969, 119.713, 120.058, 126.355, 120.144, 132.619, 120.045
100, 130, 106.448, 129.647, 113.453, 129.735, 119.875, 129.808, 126.506, 129.898, 132.866, 129.698
100, 140, 107.402, 139.554, 115.137, 139.641, 122.398, 139.745, 129.697, 139.857, 136.71, 139.651
100, 150, 108.265, 149.725, 116.7, 149.953, 124.58, 150.217, 132.416, 150.521, 139.999, 150.444
100, 160, 108.498, 159.772, 117.17, 160.045, 125.283, 160.379, 133.314, 160.747, 141.014, 160.724
100, 170, 108.67, 169.802, 117.584, 170.123, 125.978, 170.546, 134.219, 170.953, 142.043, 170.967
100, 180, 108.799, 179.803, 117.79, 180.151, 126.303, 180.696, 134.511, 181.121, 142.427, 181.183
100, 190, 108.765, 189.822, 117.826, 190.09, 126.324, 190.567, 134.717, 191.041, 142.694, 191.012
100, 200, 109.306, 199.82, 119.026, 200.065, 128.153, 200.466, 137.076, 200.965, 145.516, 200.963
100, 210, 109.48, 209.826, 119.507, 210.074, 128.858, 210.451, 138.068, 210.941, 146.801, 210.938
100, 220, 109.665, 219.811, 119.87, 220.048, 129.596, 220.371, 138.88, 220.917, 147.703, 220.921
110, 0, 116.684, 0.67119, 123.834, 1.49363, 131.006, 2.23488, 137.924, 2.64457, 144.46, 3.02358
110, 10, 116.704, 10.6869, 123.793, 11.2896, 130.938, 12.0395, 137.832, 12.3997, 144.389, 12.8655
110, 20, 116.551, 20.5789, 123.604, 21.202, 130.645, 21.879, 137.434, 22.1682, 143.895, 22.6012
110, 30, 116.487, 30.4648, 123.41, 31.0973, 130.321, 31.7438, 137.027, 32.0383, 143.423, 32.3654
110, 40, 116.407, 40.4489, 123.277, 41.0748, 130.093, 41.7002, 136.733, 41.9923, 143.04, 42.2963
110, 50, 116.322, 50.3842, 123.142, 51.052, 129.896, 51.6481, 136.428, 51.9524, 142.672, 52.233
110, 60, 116.304, 60.261, 123.056, 60.8502, 129.743, 61.3202, 136.216, 61.6611, 142.45, 61.8871
110, 70, 116.27, 70.231, 123.031, 70.801, 129.688, 71.25, 136.104, 71.5882, 142.282, 71.8169
110, 80, 116.277, 80.2249, 123.038, 80.7989, 129.697, 81.2463, 136.097, 81.5814, 142.27, 81.8106
110, 90, 116.313, 90.2188, 123.055, 90.7955, 129.677, 91.2408, 136.075, 91.5749, 142.27, 91.8074
110, 100, 116.251, 100.144, 123.07, 100.703, 129.655, 101.164, 136.109, 101.465, 142.246, 101.658
110, 110, 116.204, 109.947, 122.941, 110.295, 129.457, 110.717, 135.834, 110.904, 141.887, 110.966
110, 120, 116.283, 119.822, 123.049, 120.174, 129.534, 120.361, 135.929, 120.672, 141.992, 120.68
110, 130, 116.338, 129.749, 123.123, 129.858, 129.603, 129.887, 135.964, 130.069, 142.128, 129.783
110, 140, 116.828, 139.484, 124.146, 139.527, 131.013, 139.578, 137.933, 139.663, 144.612, 139.368
110, 150, 118.198, 149.761, 126.727, 150.049, 134.747, 150.443, 142.65, 150.834, 150.18, 150.818
110, 160, 118.422, 159.806, 127.198, 160.144, 135.438, 160.621, 143.503, 161.019, 151.208, 161.052
110, 170, 118.612, 169.843, 127.581, 170.221, 136.042, 170.753, 144.286, 171.182, 152.123, 171.249
110, 180, 118.795, 179.828, 127.875, 180.217, 136.413, 180.814, 144.692, 181.28, 152.643, 181.386
110, 190, 119.004, 189.846, 128.113, 190.179, 136.644, 190.816, 144.956, 191.306, 152.87, 191.331
110, 200, 119.439, 199.849, 129.207, 200.126, 138.418, 200.664, 147.317, 201.131, 155.665, 201.147
110, 210, 119.648, 209.879, 129.748, 210.159, 139.141, 210.628, 148.311, 211.083, 157.003, 211.121
110, 220, 119.801, 219.863, 130.079, 220.137, 139.845, 220.57, 149.062, 221.077, 157.849, 221.124
120, 0, 126.679, 0.661848, 133.83, 1.48214, 141.001, 2.22318, 147.917, 2.62985, 154.451, 3.00954
120, 10, 126.716, 10.7026, 133.77, 11.2264, 140.911, 11.9716, 147.8, 12.3101, 154.375, 12.7969
120, 20, 126.538, 20.5965, 133.573, 21.1695, 140.604, 21.8446, 147.385, 22.1343, 153.841, 22.5613
120, 30, 126.482, 30.4892, 133.39, 31.0822, 140.301, 31.7294, 147.006, 32.0271, 153.401, 32.3577
120, 40, 126.397, 40.4732, 133.266, 41.062, 140.082, 41.6888, 146.721, 41.9824, 153.031, 42.2917
120, 50, 126.321, 50.3895, 133.148, 51.0504, 139.891, 51.6436, 146.421, 51.9566, 152.665, 52.2286
120, 60, 126.307, 60.2692, 133.055, 60.856, 139.701, 61.3589, 146.175, 61.697, 152.403, 61.9201
120, 70, 126.274, 70.2348, 133.03, 70.7986, 139.614, 71.2732, 146.027, 71.6191, 152.199, 71.834
120, 80, 126.286, 80.2248, 133.028, 80.7848, 139.617, 81.2566, 146.003, 81.5989, 152.181, 81.8156
120, 90, 126.315, 90.2203, 133.074, 90.7854, 139.653, 91.2554, 146.056, 91.5974, 152.279, 91.813
120, 100, 126.245, 100.149, 133.062, 100.709, 139.636, 101.173, 146.085, 101.484, 152.22, 101.673
120, 110, 126.232, 110.039, 133.062, 110.555, 139.578, 111.004, 146.024, 111.276, 152.067, 111.392
120, 120, 126.295, 119.908, 133.066, 120.344, 139.558, 120.765, 145.953, 121.067, 152.012, 121.164
120, 130, 126.325, 129.974, 133.043, 130.525, 139.512, 130.962, 145.837, 131.476, 152.013, 131.521
120, 140, 126.692, 139.474, 133.911, 139.532, 140.701, 139.617, 147.44, 139.69, 153.93, 139.377
120, 150, 128.088, 149.782, 136.575, 150.116, 144.503, 150.602, 152.388, 150.995, 159.934, 151.035
120, 160, 128.307, 159.822, 137.056, 160.205, 145.191, 160.753, 153.302, 161.181, 161.114, 161.288
120, 170, 128.527, 169.861, 137.452, 170.279, 145.82, 170.875, 154.171, 171.371, 162.073, 171.516
120, 180, 128.724, 179.863, 137.751, 180.296, 146.124, 180.938, 154.486, 181.479, 162.42, 181.636
120, 190, 129.233, 189.89, 138.37, 190.332, 146.796, 191.043, 155.126, 191.723, 163.067, 191.839
120, 200, 129.861, 199.882, 139.652, 200.285, 148.716, 200.925, 157.524, 201.551, 165.876, 201.691
120, 210, 130.073, 209.921, 140.228, 210.366, 149.564, 210.966, 158.535, 211.588, 167.182, 211.759
120, 220, 130.16, 219.918, 140.532, 220.401, 150.109, 220.988, 159.117, 221.647, 167.874, 221.806
130, 0, 136.659, 0.426235, 143.863, 1.13085, 150.983, 2.02964, 157.868, 2.50333, 164.342, 2.69044
130, 10, 136.743, 10.7236, 143.768, 11.1583, 150.854, 11.8856, 157.707, 12.1925, 164.268, 12.6918
130, 20, 136.512, 20.5773, 143.547, 21.1253, 150.547, 21.7945, 157.318, 22.0779, 163.76, 22.465
130, 30, 136.488, 30.4821, 143.391, 31.0659, 150.305, 31.7236, 157.015, 32.0151, 163.424, 32.3266
130, 40, 136.392, 40.4586, 143.244, 41.0438, 150.057, 41.6726, 156.7, 41.9607, 163.015, 42.2464
130, 50, 136.31, 50.361, 143.118, 51.0251, 149.852, 51.6095, 156.375, 51.9148, 162.625, 52.1699
130, 60, 136.306, 60.255, 143.019, 60.8455, 149.645, 61.3537, 156.122, 61.6714, 162.37, 61.889
130, 70, 136.254, 70.2452, 142.988, 70.8092, 149.559, 71.2917, 155.974, 71.6337, 162.154, 71.8508
130, 80, 136.258, 80.2307, 142.964, 80.7954, 149.531, 81.2744, 155.911, 81.6158, 162.101, 81.8336
130, 90, 136.247, 90.2304, 142.954, 90.8018, 149.487, 91.2808, 155.885, 91.6242, 162.114, 91.8341
130, 100, 136.164, 100.163, 142.912, 100.732, 149.439, 101.195, 155.841, 101.53, 161.937, 101.708
130, 110, 136.195, 110.094, 142.961, 110.653, 149.476, 111.123, 155.935, 111.436, 161.953, 111.588
130, 120, 136.249, 119.974, 142.954, 120.513, 149.433, 121.023, 155.815, 121.393, 161.879, 121.588
130, 130, 136.295, 130.05, 142.918, 130.713, 149.411, 131.308, 155.715, 131.909, 161.885, 132.081
130, 140, 136.711, 139.542, 143.973, 139.695, 150.799, 139.855, 157.473, 139.981, 163.914, 139.758
130, 150, 137.97, 149.818, 146.499, 150.227, 154.492, 150.802, 162.576, 151.276, 170.297, 151.404
130, 160, 138.208, 159.856, 147.086, 160.325, 155.348, 160.941, 163.697, 161.512, 171.477, 161.67
130, 170, 138.388, 169.881, 147.399, 170.372, 155.778, 171, 164.202, 171.614, 172.02, 171.767
130, 180, 138.531, 179.874, 147.591, 180.36, 156.009, 181.019, 164.435, 181.656, 172.293, 181.829
130, 190, 138.943, 189.935, 148.247, 190.471, 156.812, 191.225, 165.246, 191.998, 173.236, 192.199
130, 200, 139.855, 200.003, 149.681, 200.66, 158.864, 201.312, 167.733, 202.097, 176.213, 202.39
130, 210, 140.097, 210.027, 150.203, 210.7, 159.632, 211.322, 168.659, 212.091, 177.457, 212.42
130, 220, 140.215, 220.035, 150.508, 220.729, 160.113, 221.368, 169.19, 222.135, 178.084, 222.489
130, 230, 140.297, 230.034, 150.619, 230.745, 160.268, 231.386, 169.461, 232.19, 178.397, 232.586
140, 0, 146.25, 0.799911, 153.253, 0.977665, 160.297, 1.48345, 167.157, 1.85291, 173.734, 2.43241
140, 10, 146.333, 10.7989, 153.314, 11.0321, 160.455, 11.7186, 167.262, 11.985, 173.94, 12.63
140, 20, 146.273, 20.6406, 153.336, 21.0924, 160.309, 21.7185, 167, 21.9937, 173.314, 22.3844
140, 30, 146.48, 30.5176, 153.351, 31.067, 160.205, 31.7191, 166.842, 32.0043, 173.205, 32.3199
140, 40, 146.361, 40.4796, 153.203, 41.0336, 159.938, 41.6518, 166.492, 41.931, 172.775, 42.221
140, 50, 146.308, 50.3531, 153.132, 51.0031, 159.829, 51.5707, 166.318, 51.8723, 172.541, 52.1182
140, 60, 146.289, 60.2461, 153.028, 60.8572, 159.614, 61.3847, 166.064, 61.6967, 172.27, 61.8752
140, 70, 146.252, 70.2319, 152.999, 70.8142, 159.573, 71.3228, 165.988, 71.6766, 172.149, 71.8484
140, 80, 146.255, 80.2121, 152.978, 80.8075, 159.548, 81.3119, 165.923, 81.669, 172.087, 81.8428
140, 90, 146.232, 90.2165, 152.984, 90.8126, 159.526, 91.3091, 165.918, 91.6711, 172.083, 91.8336
140, 100, 146.245, 100.127, 153.009, 100.728, 159.532, 101.217, 165.924, 101.597, 172.017, 101.718
140, 110, 146.221, 110.146, 152.995, 110.725, 159.574, 111.241, 165.971, 111.62, 171.971, 111.785
140, 120, 146.226, 120.111, 152.923, 120.758, 159.442, 121.459, 165.686, 121.894, 171.696, 122.156
140, 130, 146.292, 130.196, 152.852, 130.973, 159.452, 131.832, 165.629, 132.357, 171.8, 132.655
140, 140, 146.917, 139.7, 154.479, 139.938, 161.819, 140.4, 168.675, 140.645, 175.608, 140.618
140, 150, 148.208, 149.955, 157.27, 150.557, 165.463, 151.205, 173.659, 151.885, 181.486, 152.079
140, 160, 148.266, 159.955, 157.355, 160.565, 165.615, 161.249, 173.884, 161.942, 181.74, 162.156
140, 170, 148.31, 169.953, 157.429, 170.553, 165.738, 171.251, 174.079, 171.966, 181.932, 172.168
140, 180, 148.341, 179.962, 157.454, 180.582, 165.716, 181.299, 174.041, 182.041, 181.89, 182.265
140, 190, 148.64, 190.015, 157.881, 190.743, 166.435, 191.605, 175.031, 192.342, 182.854, 192.698
140, 200, 149.762, 200.07, 159.406, 200.836, 168.43, 201.646, 177.108, 202.413, 185.296, 202.772
140, 210, 150.095, 210.101, 160.043, 210.888, 169.173, 211.661, 177.983, 212.453, 186.315, 212.817
140, 220, 150.246, 220.111, 160.416, 220.92, 169.857, 221.716, 178.717, 222.511, 187.183, 222.862
140, 230, 150.325, 230.12, 160.563, 230.96, 170.07, 231.774, 179.038, 232.615, 187.636, 232.941
150, 0, 156.197, 0.798216, 163.287, 0.971149, 170.341, 1.43526, 177.17, 1.79873, 183.58, 2.13022
150, 10, 156.254, 10.8138, 163.31, 10.9906, 170.402, 11.5443, 177.223, 11.8412, 183.678, 12.1955
150, 20, 156.215, 20.7161, 163.264, 20.9771, 170.291, 21.5193, 177.022, 21.8515, 183.365, 22.1676
150, 30, 156.299, 30.6296, 163.128, 30.9941, 170.009, 31.5924, 176.702, 31.9019, 183.069, 32.213
150, 40, 156.226, 40.5589, 163.065, 40.9707, 169.774, 41.5282, 176.352, 41.8354, 182.672, 42.1323
150, 50, 156.198, 50.4297, 163.023, 50.9591, 169.674, 51.4585, 176.227, 51.801, 182.452, 52.0745
150, 60, 156.194, 60.3604, 162.99, 60.9004, 169.495, 61.3948, 176.065, 61.7311, 182.293, 61.9601
150, 70, 156.195, 70.3228, 162.979, 70.8522, 169.485, 71.3517, 176.023, 71.698, 182.257, 71.905
150, 80, 156.159, 80.2778, 162.887, 80.8259, 169.44, 81.3474, 175.887, 81.7092, 182.174, 81.8928
150, 90, 156.06, 90.2563, 162.853, 90.8151, 169.49, 91.3437, 175.936, 91.7176, 182.176, 91.8852
150, 100, 156.228, 100.215, 162.906, 100.761, 169.556, 101.312, 175.773, 101.689, 182.076, 101.856
150, 110, 156.168, 110.18, 163.155, 110.788, 169.738, 111.359, 176.283, 111.82, 182.735, 112.006
150, 150, 158.187, 150.144, 166.954, 150.989, 174.836, 151.928, 182.737, 152.757, 190.141, 153.01
150, 160, 158.041, 160.074, 166.856, 160.898, 174.812, 161.849, 182.854, 162.656, 190.305, 162.917
150, 170, 158.063, 170.047, 166.815, 170.808, 174.856, 171.732, 182.899, 172.473, 190.301, 172.735
150, 180, 158.212, 180.058, 166.959, 180.791, 174.97, 181.655, 183.005, 182.391, 190.367, 182.647
150, 190, 158.354, 190.081, 167.104, 190.838, 174.915, 191.704, 182.762, 192.447, 189.839, 192.693
150, 200, 159.634, 200.122, 168.931, 200.921, 177.412, 201.792, 185.307, 202.642, 192.727, 202.909
150, 210, 159.899, 210.133, 169.522, 210.957, 178.055, 211.834, 186.056, 212.732, 193.707, 212.994
150, 220, 160.09, 220.154, 169.999, 221.005, 178.989, 221.908, 187.317, 222.814, 195.428, 223.126
150, 230, 160.292, 230.16, 170.415, 231.038, 179.811, 231.966, 188.631, 232.908, 197.126, 233.243
160, 0, 166.146, 0.758587, 173.229, 0.89921, 180.298, 1.35833, 187.086, 1.68129, 193.494, 2.00641
160, 10, 166.152, 10.7616, 173.235, 10.9016, 180.306, 11.3652, 187.099, 11.6887, 193.505, 12.0082
160, 20, 166.18, 20.7279, 173.289, 20.9186, 180.353, 21.3965, 187.106, 21.7129, 193.461, 22.0233
160, 30, 166.248, 30.5628, 172.968, 30.9179, 179.817, 31.4061, 186.613, 31.7308, 193.044, 32.0288
160, 40, 166.164, 40.4722, 172.896, 40.9012, 179.711, 41.3991, 186.38, 41.6998, 192.8, 41.9771
160, 50, 166.106, 50.4424, 172.809, 50.8952, 179.603, 51.3828, 186.184, 51.6737, 192.59, 51.969
160, 60, 166.087, 60.3775, 172.787, 60.8754, 179.542, 61.4156, 186.09, 61.7381, 192.492, 61.999
160, 70, 166.082, 70.3347, 172.769, 70.8571, 179.511, 71.3896, 185.989, 71.729, 192.368, 71.9599
160, 80, 166.061, 80.304, 172.767, 80.842, 179.503, 81.4096, 185.999, 81.7837, 192.348, 81.989
160, 90, 166.048, 90.2952, 172.818, 90.8444, 179.548, 91.4156, 186.102, 91.8148, 192.389, 92.0003
160, 100, 166.224, 100.267, 172.953, 100.841, 179.697, 101.43, 186.119, 101.854, 192.502, 102.04
160, 110, 166.245, 110.266, 173.109, 110.875, 179.8, 111.511, 186.52, 111.997, 192.973, 112.235
160, 120, 166.307, 120.319, 173.506, 121.145, 180.303, 122.093, 186.468, 122.759, 192.928, 123.213
160, 150, 168.004, 150.235, 176.113, 151.134, 183.425, 152.159, 190.522, 152.985, 197.148, 153.191
160, 160, 167.787, 160.106, 175.975, 160.944, 183.26, 161.885, 190.569, 162.642, 197.343, 162.808
160, 170, 167.605, 170.047, 175.679, 170.826, 182.908, 171.711, 189.966, 172.321, 196.649, 172.446
160, 180, 167.596, 180.026, 175.561, 180.725, 182.849, 181.523, 190.018, 182.195, 196.48, 182.229
160, 190, 167.634, 190.025, 175.688, 190.739, 182.846, 191.526, 189.606, 192.15, 195.834, 192.18
160, 200, 168.671, 200.114, 177.271, 200.877, 185.189, 201.786, 192.71, 202.69, 199.766, 202.976
160, 210, 169.086, 210.148, 178.118, 210.951, 186.369, 211.866, 194.277, 212.827, 201.809, 213.162
160, 220, 169.577, 220.216, 179.103, 221.076, 187.985, 222.062, 196.208, 223.041, 204.253, 223.548
170, 0, 176.096, 0.713654, 183.18, 0.850426, 190.232, 1.28993, 196.981, 1.57616, 203.386, 1.9022
170, 10, 176.098, 10.7153, 183.181, 10.851, 190.234, 11.2925, 196.983, 11.5791, 203.387, 11.9027
170, 20, 176.133, 20.6996, 183.234, 20.8626, 190.284, 21.3129, 197, 21.5978, 203.352, 21.909
170, 30, 176.243, 30.5521, 182.905, 30.8666, 189.768, 31.3278, 196.526, 31.6037, 202.976, 31.9135
170, 40, 176.17, 40.4569, 182.879, 40.8763, 189.738, 41.3684, 196.4, 41.6547, 202.829, 41.9176
170, 50, 176.171, 50.4402, 182.877, 50.8791, 189.728, 51.3643, 196.386, 51.6567, 202.815, 51.925
170, 60, 176.133, 60.3715, 182.87, 60.867, 189.659, 61.4179, 196.241, 61.7579, 202.672, 61.9904
170, 70, 176.208, 70.3418, 182.97, 70.8798, 189.776, 71.4418, 196.311, 71.8121, 202.77, 72.0023
170, 80, 176.363, 80.3337, 183.227, 80.9044, 190.094, 81.561, 196.803, 81.9812, 203.405, 82.1815
170, 90, 176.341, 90.3255, 183.227, 90.9159, 190.116, 91.5901, 196.838, 92.0238, 203.44, 92.2366
170, 100, 176.429, 100.296, 183.283, 100.907, 190.185, 101.584, 196.887, 102.05, 203.537, 102.261
170, 110, 176.415, 110.278, 183.321, 110.922, 190.193, 111.673, 196.924, 112.17, 203.592, 112.432
170, 120, 176.131, 120.308, 183.319, 121.129, 190.245, 122.087, 196.57, 122.702, 202.979, 123.23
170, 150, 177.874, 150.239, 185.6, 151.139, 192.296, 152.108, 198.497, 152.8, 204.79, 152.905
170, 160, 177.707, 160.13, 185.123, 160.889, 191.735, 161.723, 198.067, 162.205, 204.394, 162.254
170, 170, 177.488, 170.074, 184.817, 170.794, 191.507, 171.605, 197.781, 172.101, 203.872, 172.091
170, 180, 177.534, 180.077, 184.946, 180.779, 191.568, 181.532, 197.954, 182.068, 203.924, 182.009
170, 190, 177.5, 190.04, 185.104, 190.738, 191.854, 191.492, 198.11, 192.058, 203.886, 192.008
170, 200, 178.246, 200.195, 186.438, 201.011, 193.815, 201.986, 200.925, 202.903, 207.686, 203.198
170, 210, 178.79, 210.237, 187.587, 211.095, 195.649, 212.1, 203.295, 213.086, 210.645, 213.56
170, 220, 179.416, 220.303, 188.735, 221.237, 197.745, 222.374, 205.871, 223.528, 213.544, 224.041
180, 0, 186.352, 0.709005, 193.99, 0.793493, 201.704, 1.19804, 208.936, 1.44135, 215.781, 1.74091
180, 10, 186.353, 10.7092, 193.988, 10.7938, 201.7, 11.1991, 208.933, 11.443, 215.777, 11.7417
180, 20, 186.34, 20.6982, 193.96, 20.8111, 201.612, 21.2252, 208.717, 21.4914, 215.464, 21.7857
180, 30, 186.233, 30.5162, 192.924, 30.8359, 199.832, 31.248, 206.651, 31.5053, 213.147, 31.8548
180, 40, 186.203, 40.4539, 192.869, 40.8652, 199.758, 41.3374, 206.477, 41.6743, 212.944, 41.9202
180, 50, 186.189, 50.4476, 192.855, 50.8751, 199.729, 51.3483, 206.441, 51.6966, 212.91, 51.9513
180, 60, 186.149, 60.4622, 192.84, 60.8798, 199.717, 61.4928, 206.373, 61.8094, 212.84, 62.0451
180, 70, 186.219, 70.316, 193.114, 70.9357, 200.194, 71.6286, 206.996, 72.0311, 213.516, 72.1873
180, 80, 186.442, 80.2891, 193.45, 80.9217, 200.458, 81.6427, 207.265, 82.0694, 213.945, 82.235
180, 90, 186.486, 90.2878, 193.518, 90.9294, 200.528, 91.6698, 207.311, 92.108, 213.988, 92.2937
180, 100, 186.526, 100.266, 193.54, 100.924, 200.543, 101.668, 207.315, 102.117, 213.999, 102.296
180, 110, 186.552, 110.288, 193.608, 110.972, 200.577, 111.767, 207.345, 112.244, 214.079, 112.516
180, 120, 186.606, 120.327, 193.787, 121.098, 200.89, 122.062, 207.648, 122.631, 214.449, 123.037
180, 150, 187.872, 150.27, 195.78, 151.208, 202.756, 152.25, 209.239, 153.035, 215.236, 153.079
180, 160, 187.59, 160.123, 195.041, 160.887, 201.662, 161.729, 208.097, 162.285, 214.261, 162.307
180, 170, 187.237, 170.057, 194.46, 170.749, 201.179, 171.585, 207.109, 172.059, 212.854, 172.008
180, 180, 187.258, 180.037, 194.468, 180.685, 201.064, 181.414, 207.082, 181.96, 212.746, 181.862
180, 190, 187.125, 190.017, 194.306, 190.631, 200.811, 191.353, 206.545, 191.883, 212.101, 191.805
180, 200, 187.986, 200.217, 195.886, 201.051, 202.886, 202.105, 209.38, 203.059, 215.445, 203.341
180, 210, 188.778, 210.272, 197.61, 211.179, 205.506, 212.271, 212.88, 213.359, 219.76, 213.83
180, 220, 189.387, 220.4, 198.892, 221.488, 207.815, 222.792, 215.67, 223.995, 223.478, 224.686
190, 0, 196.484, 0.64572, 204.09, 0.671848, 211.84, 1.04306, 219.182, 1.19751, 226.1, 1.43089
190, 10, 196.484, 10.6457, 204.09, 10.672, 211.839, 11.0436, 219.181, 11.1984, 226.099, 11.4317
190, 20, 196.463, 20.641, 204.085, 20.682, 211.818, 21.0559, 219.096, 21.2299, 225.952, 21.4781
190, 30, 196.223, 30.4963, 202.986, 30.7937, 209.935, 31.2134, 216.762, 31.4754, 223.265, 31.8001
190, 40, 196.199, 40.5172, 202.937, 40.8364, 209.795, 41.2979, 216.539, 41.6891, 223.033, 41.959
190, 50, 196.206, 50.5138, 202.925, 50.8595, 209.771, 51.3179, 216.511, 51.7317, 223.023, 52.0164
190, 60, 196.178, 60.4317, 202.887, 60.7259, 209.692, 61.4528, 216.449, 61.8106, 222.985, 62.2285
190, 70, 196.299, 70.2546, 203.295, 70.918, 210.431, 71.6476, 217.339, 72.0827, 223.942, 72.1997
190, 80, 196.475, 80.234, 203.504, 80.9071, 210.558, 81.6599, 217.426, 82.1035, 224.122, 82.2228
190, 90, 196.526, 90.2397, 203.589, 90.9196, 210.648, 91.6979, 217.512, 92.1612, 224.228, 92.3184
190, 100, 196.528, 100.213, 203.595, 100.914, 210.656, 101.697, 217.516, 102.171, 224.213, 102.3
190, 110, 196.614, 110.301, 203.706, 111.029, 210.759, 111.904, 217.634, 112.431, 224.446, 112.725
190, 120, 196.666, 120.333, 203.851, 121.128, 210.982, 122.12, 217.891, 122.797, 224.708, 123.142
190, 160, 197.44, 160.119, 204.357, 160.81, 210.72, 161.57, 216.603, 162.056, 222.164, 161.963
190, 170, 197.15, 170.05, 204.257, 170.756, 210.868, 171.595, 216.554, 172.046, 221.993, 171.949
190, 180, 197.184, 180.047, 204.271, 180.725, 210.77, 181.469, 216.516, 181.951, 221.878, 181.79
190, 190, 197.002, 190.034, 204.107, 190.732, 210.61, 191.551, 216.107, 192.01, 221.258, 191.897
190, 200, 197.823, 200.231, 205.627, 201.106, 212.689, 202.214, 219.028, 203.169, 225.252, 203.546
190, 210, 198.808, 210.374, 207.71, 211.378, 215.822, 212.659, 223.525, 213.845, 230.594, 214.341
190, 220, 199.588, 220.632, 209.078, 221.834, 218.282, 223.248, 226.627, 224.715, 234.288, 225.396
200, 0, 206.547, 0.533493, 214.375, 0.648312, 222.203, 1.01551, 229.554, 1.12047, 236.373, 1.22819
200, 10, 206.553, 10.5346, 214.38, 10.6488, 222.206, 11.0173, 229.557, 11.1226, 236.377, 11.2305
200, 20, 206.38, 20.5669, 214.28, 20.6689, 222.101, 21.0422, 229.327, 21.1788, 236.037, 21.3195
200, 30, 206.461, 30.476, 213.558, 30.7282, 220.797, 31.16, 227.881, 31.4505, 234.625, 31.7088
200, 40, 206.351, 40.4733, 213.224, 40.7405, 220.169, 41.2122, 227.112, 41.6064, 233.767, 41.8729
200, 50, 206.298, 50.4727, 213.053, 50.7626, 219.905, 51.2292, 226.747, 51.6418, 233.34, 51.9342
200, 60, 206.162, 60.6064, 212.978, 61.0742, 219.821, 61.896, 226.677, 62.4541, 233.26, 62.6822
200, 70, 206.384, 70.234, 213.341, 70.9213, 220.494, 71.6703, 227.415, 72.1131, 234.057, 72.2099
200, 80, 206.541, 80.2141, 213.544, 80.9086, 220.609, 81.6788, 227.497, 82.128, 234.264, 82.2203
200, 90, 206.557, 90.2185, 213.603, 90.9184, 220.666, 91.7202, 227.54, 92.1992, 234.292, 92.3261
200, 100, 206.551, 100.209, 213.603, 100.928, 220.661, 101.736, 227.528, 102.225, 234.265, 102.346
200, 110, 206.632, 110.301, 213.731, 111.062, 220.808, 111.972, 227.701, 112.559, 234.553, 112.825
200, 120, 206.623, 120.345, 213.784, 121.157, 220.878, 122.153, 227.758, 122.848, 234.555, 123.181
200, 150, 206.743, 150.116, 213.469, 150.924, 218.761, 151.692, 224.405, 152.21, 229.578, 152.103
200, 160, 206.871, 160.061, 213.633, 160.76, 218.8, 161.252, 224.141, 161.775, 229.739, 161.704
200, 170, 206.86, 170.05, 213.811, 170.767, 219.981, 171.533, 225.122, 171.92, 230.616, 171.865
200, 180, 207.284, 180.132, 214.39, 180.869, 220.811, 181.701, 225.923, 181.988, 231.315, 181.879
200, 190, 207.284, 190.17, 214.22, 190.927, 220.756, 191.909, 226.303, 192.458, 232.281, 192.658
200, 200, 208.781, 200.573, 217.513, 201.782, 225.145, 203.079, 232.603, 204.203, 238.956, 204.651
200, 210, 209.598, 210.668, 219.111, 211.981, 227.923, 213.432, 236.049, 214.826, 243.615, 215.593
200, 220, 210.113, 220.815, 220.349, 222.273, 229.282, 223.994, 237.834, 225.588, 245.898, 226.566
210, 0, 216.581, 0.504667, 224.436, 0.626278, 232.285, 0.990366, 239.656, 1.07441, 246.52, 1.13787
210, 10, 216.58, 10.5051, 224.434, 10.6262, 232.283, 10.9913, 239.654, 11.0757, 246.519, 11.1393
210, 20, 216.408, 20.5479, 224.28, 20.6665, 232.105, 21.0384, 239.352, 21.163, 246.145, 21.2507
210, 30, 216.72, 30.4706, 224.106, 30.6989, 231.658, 31.1048, 239.129, 31.404, 246.235, 31.5643
210, 40, 216.73, 40.4728, 224.09, 40.7137, 231.574, 41.1391, 238.992, 41.467, 246.069, 41.6435
210, 50, 216.732, 50.483, 224.058, 50.7471, 231.501, 51.18, 238.841, 51.5226, 245.911, 51.7131
210, 60, 216.685, 60.4605, 223.954, 60.9012, 231.342, 61.6462, 238.601, 62.0389, 245.586, 62.1993
210, 70, 216.624, 70.1848, 223.87, 70.8408, 231.203, 71.5478, 238.365, 71.9854, 245.292, 72.0051
210, 80, 216.632, 80.1993, 223.805, 80.8866, 231.009, 81.6447, 238.065, 82.0859, 244.94, 82.1544
210, 90, 216.589, 90.2227, 223.727, 90.9296, 230.844, 91.7458, 237.827, 92.2206, 244.61, 92.3422
210, 100, 216.59, 100.213, 223.713, 100.95, 230.796, 101.798, 237.751, 102.294, 244.497, 102.425
210, 110, 216.718, 110.364, 223.934, 111.168, 231.121, 112.146, 238.167, 112.834, 245.1, 113.12
210, 120, 216.659, 120.406, 223.851, 121.234, 231.007, 122.275, 237.999, 123.019, 244.83, 123.356
210, 150, 216.109, 150.254, 221.595, 151.031, 225.889, 151.8, 230.513, 152.142, 235.157, 151.939
210, 160, 216.483, 160.211, 221.398, 160.733, 225.254, 161.124, 229.512, 161.315, 234.191, 161.023
210, 200, 218.603, 200.606, 226.501, 201.669, 233.751, 202.946, 240.961, 204.073, 247.076, 204.453
210, 210, 219.313, 210.75, 228.148, 212.049, 235.959, 213.593, 242.878, 214.93, 249.96, 215.748
220, 0, 226.694, 0.43062, 234.891, 0.484659, 242.724, 0.893171, 250.056, 0.969431, 256.794, 1.04586
220, 10, 226.692, 10.4312, 234.888, 10.4853, 242.724, 10.893, 250.057, 10.9695, 256.795, 11.0457
220, 20, 226.351, 20.5323, 234.393, 20.6522, 242.254, 21.0323, 249.405, 21.1665, 256.103, 21.2563
220, 30, 226.86, 30.5192, 234.328, 30.7297, 242.046, 31.1736, 249.658, 31.5426, 256.922, 31.7455
220, 40, 226.841, 40.5265, 234.369, 40.7637, 242.075, 41.2324, 249.675, 41.6267, 256.959, 41.8574
220, 50, 226.846, 50.5304, 234.352, 50.7862, 242.055, 51.2689, 249.621, 51.6812, 256.894, 51.9212
220, 60, 226.829, 60.4292, 234.284, 60.898, 241.937, 61.6139, 249.479, 61.9761, 256.732, 62.0729
220, 70, 226.69, 70.2164, 234.201, 70.8225, 241.835, 71.471, 249.307, 71.9073, 256.484, 71.9073
220, 80, 226.658, 80.2397, 234.096, 80.8716, 241.638, 81.584, 249.043, 82.0178, 256.139, 82.055
220, 90, 226.565, 90.2799, 233.941, 90.9534, 241.352, 91.7455, 248.716, 92.2086, 255.705, 92.3044
220, 100, 226.466, 100.26, 233.835, 101.01, 241.162, 101.87, 248.495, 102.392, 255.335, 102.524
220, 110, 226.76, 110.456, 233.98, 111.306, 241.194, 112.359, 248.41, 113.122, 255.492, 113.456
220, 120, 226.59, 120.487, 233.71, 121.366, 240.827, 122.456, 247.917, 123.242, 254.798, 123.647
220, 130, 225.683, 130.725, 231.31, 131.966, 236.314, 133.403, 241.949, 134.563, 246.812, 135.129
220, 140, 225.056, 140.29, 230.172, 141.389, 234.213, 142.793, 238.699, 143.887, 242.397, 144.18
220, 190, 227.154, 190.275, 233.295, 190.97, 238.416, 191.691, 243.74, 192.253, 247.293, 191.971
220, 200, 228.727, 200.709, 236.003, 201.653, 243.26, 202.991, 249.42, 203.929, 253.942, 203.938
220, 210, 229.054, 210.832, 236.654, 212.006, 243.624, 213.495, 249.78, 214.809, 254.635, 215.239
230, 0, 237.363, 0.0623153, 245.782, 0.104671, 254.242, 0.271502, 261.057, 0.596037, 268.108, 0.406562
230, 10, 237.365, 10.0613, 245.767, 10.1127, 254.215, 10.285, 261.745, 10.259, 268.122, 10.4195
230, 20, 236.55, 20.3865, 244.502, 20.6451, 252.262, 21.0937, 259.488, 21.1747, 266.102, 21.2213
230, 30, 236.882, 30.4983, 244.379, 30.7645, 252.135, 31.2658, 259.77, 31.6043, 267.058, 31.7988
230, 40, 236.853, 40.5088, 244.39, 40.7914, 252.111, 41.3121, 259.722, 41.6665, 267.018, 41.8796
230, 50, 236.854, 50.5182, 244.367, 50.8132, 252.08, 51.3491, 259.659, 51.7177, 266.942, 51.9375
230, 60, 236.85, 60.3314, 244.334, 60.8874, 252.012, 61.5803, 259.584, 61.9242, 266.852, 61.9906
230, 70, 236.785, 70.3129, 244.319, 70.8521, 251.972, 71.5348, 259.504, 71.9742, 266.762, 71.995
230, 80, 236.771, 80.3399, 244.269, 80.9238, 251.877, 81.6671, 259.377, 82.1103, 266.606, 82.1697
230, 90, 236.71, 90.3712, 244.235, 91.0334, 251.812, 91.8618, 259.353, 92.3917, 266.562, 92.5298
230, 100, 236.758, 100.445, 244.483, 101.229, 252.168, 102.193, 259.857, 102.93, 267.214, 103.213
230, 110, 236.711, 110.545, 243.97, 111.434, 251.175, 112.535, 258.444, 113.336, 265.457, 113.75
230, 120, 236.504, 120.561, 243.625, 121.483, 250.727, 122.623, 257.837, 123.454, 264.614, 123.871
230, 130, 235.537, 130.647, 241.063, 131.769, 245.534, 133.093, 250.768, 134.25, 254.977, 134.753
230, 140, 234.791, 140.24, 239.667, 141.3, 243.494, 142.538, 248.189, 143.399, 251.543, 143.687
230, 210, 238.53, 210.8, 244.731, 211.687, 251.229, 213.055, 255.853, 213.951, 261.761, 214.506
240, 20, 246.994, 20.5559, 254.743, 20.6154, 262.717, 21.0779, 270.431, 21.3579, 277.88, 21.5314
240, 30, 246.928, 30.5718, 254.468, 30.8772, 262.276, 31.4296, 269.954, 31.8045, 277.296, 32.0122
240, 40, 246.872, 40.5885, 254.425, 40.9065, 262.171, 41.4874, 269.802, 41.871, 277.119, 42.1056
240, 50, 246.86, 50.6041, 254.381, 50.9422, 262.105, 51.5622, 269.698, 51.9565, 276.993, 52.2043
240, 60, 246.873, 60.4337, 254.374, 60.9603, 262.068, 61.6902, 269.656, 62.0763, 276.951, 62.2397
240, 70, 246.856, 70.394, 254.4, 70.9072, 262.078, 71.6325, 269.647, 72.0706, 276.958, 72.1488
240, 80, 246.87, 80.4148, 254.434, 80.9838, 262.114, 81.7635, 269.701, 82.2276, 277.027, 82.3362
240, 90, 246.877, 90.4474, 254.597, 91.1268, 262.347, 92.0041, 270.095, 92.6433, 277.529, 92.8356
240, 100, 246.917, 100.494, 254.777, 101.255, 262.635, 102.247, 270.505, 103.007, 278.064, 103.289
240, 110, 246.785, 110.557, 254.175, 111.441, 261.489, 112.577, 268.868, 113.405, 275.942, 113.809
240, 120, 246.666, 120.585, 253.986, 121.517, 261.183, 122.708, 268.408, 123.614, 275.186, 124.017
240, 130, 245.982, 130.536, 252.288, 131.474, 257.215, 132.518, 262.361, 133.354, 266.57, 133.605
240, 210, 247.04, 210.435, 252.679, 211.19, 255.599, 211.615, 257.001, 211.413, 262.179, 211.779
240, 220, 243.175, 220.429, 244.568, 221.568, 249.551, 222.999, 251.578, 224.215, 254.083, 225.192
250, 20, 257.513, 20.442, 265.98, 20.2738, 274.748, 20.4952, 283.299, 20.5413, 291.597, 20.3632
250, 30, 257.124, 30.5254, 264.801, 30.836, 272.868, 31.386, 280.736, 31.7346, 288.347, 31.9049
250, 40, 256.978, 40.565, 264.687, 40.8784, 272.647, 41.4557, 280.472, 41.8137, 288.057, 42.0057
250, 50, 256.937, 50.5919, 264.593, 50.9306, 272.526, 51.5471, 280.327, 51.919, 287.842, 52.1345
250, 60, 256.956, 60.4979, 264.581, 60.9904, 272.451, 61.7421, 280.239, 62.1298, 287.74, 62.356
250, 70, 256.921, 70.4114, 264.589, 70.952, 272.421, 71.7585, 280.191, 72.2688, 287.702, 72.4321
250, 80, 256.975, 80.4332, 264.726, 81.0426, 272.624, 81.9172, 280.464, 82.509, 287.986, 82.6917
250, 90, 257.21, 90.5378, 265.228, 91.2709, 273.273, 92.2335, 281.297, 92.9593, 289.089, 93.2495
250, 100, 257.295, 100.593, 265.48, 101.441, 273.704, 102.565, 281.853, 103.371, 289.76, 103.807
250, 110, 257.322, 110.642, 265.17, 111.618, 273.001, 112.849, 280.796, 113.782, 288.483, 114.274
250, 120, 257.285, 120.688, 265.068, 121.729, 272.788, 123.018, 280.399, 124.017, 287.935, 124.577
250, 130, 256.844, 130.648, 264.146, 131.635, 271.132, 132.844, 277.666, 133.697, 284.001, 133.987
250, 220, 255.456, 220.297, 256.307, 220.636, 259.522, 221.769, 260.304, 222.614, 262.313, 223.276
260, 20, 267.536, 20.4831, 276.281, 20.0742, 285.411, 20.1742, 294.501, 20.1603, 308.251, 19.6911
260, 30, 267.224, 30.5211, 275, 30.8104, 283.108, 31.3605, 290.999, 31.7017, 298.638, 31.8506
260, 40, 267.181, 40.541, 274.903, 40.8466, 282.955, 41.4206, 290.794, 41.7754, 298.358, 41.9521
260, 50, 267.122, 50.5677, 274.768, 50.8983, 282.745, 51.5021, 290.509, 51.8719, 298.029, 52.0678
260, 60, 267.061, 60.4969, 274.521, 60.9821, 282.263, 61.7448, 289.925, 62.1216, 297.303, 62.3815
260, 70, 267.151, 70.4246, 274.662, 70.9228, 282.556, 71.7989, 290.558, 72.4357, 298.175, 72.5963
260, 80, 267.332, 80.4886, 275.287, 81.1521, 283.387, 82.1121, 291.489, 82.8262, 299.167, 82.997
260, 90, 267.526, 90.5557, 275.72, 91.3451, 283.92, 92.4064, 292.044, 93.1426, 300.078, 93.4869
260, 100, 267.507, 100.588, 275.74, 101.457, 283.979, 102.629, 292.169, 103.445, 300.201, 103.869
260, 110, 267.47, 110.637, 275.545, 111.678, 283.603, 112.975, 291.608, 113.96, 299.547, 114.483
260, 120, 267.426, 120.68, 275.436, 121.778, 283.431, 123.145, 291.339, 124.199, 299.189, 124.826
260, 130, 267.207, 130.72, 275.097, 131.854, 283.014, 133.28, 290.7, 134.403, 298.389, 135.045
270, 30, 277.241, 30.5861, 285.213, 30.7822, 293.351, 31.3127, 301.12, 31.7202, 308.724, 31.8433
270, 40, 277.164, 40.613, 284.989, 40.845, 293.048, 41.41, 300.753, 41.8387, 308.273, 42.0029
270, 50, 277.077, 50.6475, 284.775, 50.9177, 292.702, 51.532, 300.306, 51.9898, 307.788, 52.1779
270, 70, 276.733, 70.3215, 284.18, 70.838, 292.216, 71.7584, 300.483, 72.4824, 307.66, 72.522
270, 80, 277.261, 80.4516, 285.244, 81.1261, 293.314, 82.0907, 301.476, 82.7948, 308.42, 82.6957
270, 90, 277.547, 90.5388, 285.718, 91.3156, 293.869, 92.3889, 301.955, 93.1121, 309.985, 93.4716
270, 100, 277.512, 100.575, 285.704, 101.428, 293.888, 102.603, 302.018, 103.392, 310.026, 103.849
270, 110, 277.476, 110.621, 285.553, 111.606, 293.602, 112.918, 301.599, 113.881, 309.529, 114.595
270, 120, 277.418, 120.688, 285.431, 121.771, 293.424, 123.145, 301.324, 124.188, 309.126, 125.096
270, 130, 277.184, 130.725, 285.081, 131.864, 293.017, 133.299, 300.746, 134.417, 308.547, 135.076
280, 80, 287.502, 80.4716, 295.232, 81.1114, 302.969, 82.0309, 310.7, 82.555, 317.591, 82.412
280, 90, 287.683, 90.5368, 295.843, 91.3256, 303.944, 92.3965, 312.022, 93.0067, 320.147, 93.3746
280, 100, 287.6, 100.572, 295.775, 101.434, 303.934, 102.6, 312.097, 103.291, 320.141, 103.781
280, 110, 287.562, 110.617, 295.66, 111.578, 303.759, 112.836, 311.899, 113.603, 319.838, 114.336
280, 120, 287.49, 120.69, 295.512, 121.782, 303.589, 123.115, 311.663, 124, 319.434, 124.971
280, 130, 287.185, 130.747, 295.02, 131.917, 303.06, 133.353, 311.074, 134.43, 318.972, 135.083
280, 190, 283.995, 189.832, 287.226, 189.947, 290.775, 190.609, 294.515, 190.932, 298.481, 190.905
280, 210, 280.345, 208.74, 281.226, 208.177, 283.515, 208.375, 285.328, 208.136, 288.36, 207.829
280, 220, 280.586, 218.805, 281.374, 218.213, 283.712, 218.342, 287.421, 218.76, 290.954, 218.551
290, 90, 297.657, 90.559, 306.085, 91.3063, 314.406, 92.2882, 322.782, 92.8478, 331.104, 93.2519
290, 100, 297.608, 100.576, 306.079, 101.358, 314.497, 102.384, 322.977, 102.973, 331.129, 103.45
290, 110, 297.559, 110.606, 305.955, 111.432, 314.336, 112.476, 322.799, 113.081, 330.244, 114.255
290, 120, 297.403, 120.723, 305.691, 121.698, 314.094, 122.835, 322.575, 123.513, 328.779, 125.735
290, 130, 296.81, 131.007, 304.434, 132.406, 312.426, 133.946, 320.511, 135.079, 328.469, 135.725
290, 190, 293.403, 189.707, 296.447, 189.811, 300.349, 190.578, 304.356, 190.901, 307.576, 190.701
290, 210, 290.238, 208.783, 290.624, 208.124, 291.214, 207.901, 294.399, 208.068, 296.754, 207.535
290, 220, 290.127, 218.726, 290.53, 218.046, 291.019, 217.702, 294.798, 218.057, 298.662, 217.965
300, 210, 301.46, 209.123, 302.044, 208.649, 302.95, 208.546, 304.545, 208.133, 306.101, 207.319
300, 220, 301.729, 219.154, 302.113, 218.649, 302.45, 218.259, 303.41, 217.744, 306.706, 217.279
