0, 0, 7.73172, 1.02847, 15.8361, 2.19284, 23.7365, 2.74807, 31.1403, 4.31984, 38.4826, 5.19654
0, 10, 7.67933, 10.773, 15.3977, 11.7625, 23.0825, 12.1491, 30.2617, 13.6792, 37.49, 14.4411
0, 20, 7.974, 20.653, 15.783, 21.5818, 23.3183, 21.9749, 30.4417, 23.4008, 37.6211, 24.1565
0, 30, 7.89328, 30.5335, 15.583, 31.3376, 22.8932, 31.6723, 29.7964, 32.9728, 36.7868, 33.6567
0, 40, 7.74466, 40.4559, 15.3537, 41.2041, 22.586, 41.4489, 29.3776, 42.7308, 36.3036, 43.2834
0, 50, 7.68326, 50.3594, 15.2642, 51.0839, 22.4307, 51.2424, 29.138, 52.382, 36.0472, 52.9348
0, 60, 7.66724, 60.2109, 15.2098, 60.8308, 22.3738, 60.88, 29.0829, 61.8218, 35.9659, 62.2253
0, 70, 7.63741, 70.2059, 15.1589, 70.7785, 22.2796, 70.8153, 28.9342, 71.6921, 35.8, 72.0702
0, 80, 7.76635, 80.148, 15.3195, 80.666, 22.4302, 80.6945, 28.6442, 81.3692, 35.3555, 81.7203
0, 90, 7.47109, 89.9774, 14.7354, 90.2754, 21.6151, 90.1614, 28.1119, 90.7051, 34.7751, 90.8524
0, 100, 7.44102, 99.7833, 14.6467, 99.8388, 21.5793, 99.353, 28.035, 99.4023, 34.7082, 99.1632
0, 140, 7.44204, 138.766, 14.6758, 137.928, 21.0223, 136.995, 27.4316, 136.176, 33.9833, 135.182
0, 150, 7.40845, 149.033, 14.6176, 148.577, 20.5788, 148.059, 26.7942, 147.529, 32.8893, 146.895
0, 160, 7.33983, 159.681, 14.2523, 159.597, 20.0302, 159.779, 26.1541, 159.376, 31.8614, 159.071
10, 0, 17.9662, 0.950569, 26.0602, 2.06433, 33.9296, 2.56774, 41.2245, 4.15361, 48.4315, 4.98721
10, 10, 17.6853, 10.7529, 25.2762, 11.7375, 32.6278, 12.1236, 39.5487, 13.6465, 46.6072, 14.3777
10, 20, 17.7454, 20.6699, 25.3247, 21.6012, 32.4795, 21.9698, 39.3486, 23.3741, 46.3077, 24.1147
10, 30, 17.7259, 30.5532, 25.2513, 31.3616, 32.3603, 31.668, 39.1861, 32.9331, 46.0576, 33.629
10, 40, 17.6479, 40.4721, 25.1411, 41.208, 32.2294, 41.4218, 38.9627, 42.6326, 45.8075, 43.1826
10, 50, 17.6122, 50.3557, 25.1002, 51.0766, 32.1516, 51.214, 38.8292, 52.2756, 45.6504, 52.8351
10, 60, 17.5831, 60.2467, 25.0668, 60.8877, 32.1466, 60.9487, 38.8233, 61.8739, 45.6456, 62.2935
10, 70, 17.5594, 70.2405, 25.0295, 70.853, 32.0704, 70.9081, 38.7018, 71.7939, 45.4879, 72.1838
10, 80, 17.6822, 80.1313, 25.2524, 80.698, 32.4001, 80.7582, 38.6529, 81.4568, 45.349, 81.8124
10, 90, 17.3633, 89.9636, 24.6476, 90.2515, 31.4536, 90.1325, 37.977, 90.6986, 44.5662, 90.8608
10, 100, 17.3011, 99.785, 24.5316, 99.8349, 31.3406, 99.5098, 37.7669, 99.7355, 44.302, 99.662
10, 110, 17.0404, 109.776, 24.0448, 109.726, 30.8867, 109.301, 37.121, 109.304, 43.6239, 109.085
10, 130, 17.083, 129.4, 24.2911, 128.911, 30.8264, 128.035, 37.4687, 127.544, 44.5501, 127.003
10, 140, 17.2414, 138.695, 24.4182, 137.847, 30.5921, 136.762, 36.9529, 135.857, 43.288, 134.852
10, 150, 17.2155, 149.059, 24.3326, 148.609, 30.1667, 147.986, 36.2129, 147.325, 42.044, 146.663
10, 160, 17.0413, 159.638, 23.862, 159.56, 29.5225, 159.648, 35.4522, 159.223, 40.9248, 158.953
10, 170, 16.7938, 169.963, 23.3061, 170.207, 28.6255, 170.758, 34.1845, 170.472, 39.1652, 170.188
10, 180, 16.1662, 180.009, 21.9755, 180.255, 26.8615, 180.769, 31.7022, 180.44, 36.3621, 180.088
10, 210, 15.0736, 209.366, 18.6717, 209.347, 22.1806, 209.974, 25.2675, 209.692, 28.9284, 209.092
10, 220, 15.486, 219.427, 19.6774, 219.286, 23.825, 220.081, 27.3365, 220.294, 31.1171, 220.575
20, 0, 28.0415, 0.888374, 35.9737, 1.96638, 43.1866, 2.45481, 50.1642, 4.04267, 57.1096, 4.89195
20, 10, 27.705, 10.7467, 35.2219, 11.7275, 42.3315, 12.1205, 49.0876, 13.6409, 55.9543, 14.3977
20, 20, 27.7468, 20.6754, 35.2673, 21.6055, 42.2923, 21.968, 49.053, 23.3685, 55.8826, 24.1206
20, 30, 27.7187, 30.5515, 35.1879, 31.357, 42.1884, 31.6506, 48.9805, 32.8953, 55.8084, 33.5856
20, 40, 27.5811, 40.4482, 34.9612, 41.1824, 41.9144, 41.3762, 48.5401, 42.562, 55.278, 43.1238
20, 50, 27.5296, 50.3388, 34.888, 51.0432, 41.8006, 51.1611, 48.3281, 52.2156, 55.0539, 52.7634
20, 60, 27.4482, 60.2421, 34.757, 60.8657, 41.6426, 60.9161, 48.1244, 61.8579, 54.8174, 62.2775
20, 70, 27.4198, 70.2217, 34.7146, 70.8331, 41.5774, 70.8721, 48.0334, 71.7989, 54.7003, 72.1916
20, 80, 27.2453, 80.1263, 34.4491, 80.6864, 41.2834, 80.7034, 47.3565, 81.4879, 53.9411, 81.86
20, 90, 27.1681, 89.9765, 34.2141, 90.2765, 40.8413, 90.1242, 47.1399, 90.7153, 53.678, 90.9058
20, 100, 27.0079, 99.8761, 33.9331, 100.043, 40.4425, 99.8022, 46.7112, 100.167, 53.0954, 100.209
20, 110, 26.7827, 109.741, 33.5497, 109.71, 39.9392, 109.368, 45.9619, 109.455, 52.2713, 109.339
20, 120, 27.235, 119.577, 34.5603, 119.358, 40.5945, 118.889, 46.7309, 118.677, 53.1193, 118.336
20, 130, 27.1136, 129.18, 34.1788, 128.643, 40.384, 127.863, 46.7532, 127.359, 53.3021, 126.89
20, 140, 27.1305, 138.642, 34.2378, 137.691, 40.1587, 136.589, 46.3056, 135.816, 52.3246, 134.947
20, 150, 26.8648, 148.97, 33.8132, 148.306, 39.3921, 147.622, 45.2952, 146.934, 50.8223, 146.208
20, 160, 26.7358, 159.615, 33.5052, 159.553, 38.9947, 159.499, 44.8056, 159.082, 50.1452, 158.747
20, 170, 26.1231, 169.961, 32.325, 170.197, 37.2505, 170.769, 42.4204, 170.465, 47.2894, 170.181
20, 180, 25.956, 180.063, 31.6826, 180.358, 36.1496, 180.963, 40.0372, 180.959, 44.2793, 180.817
20, 190, 25.3218, 189.752, 30.046, 189.72, 34.3978, 189.951, 37.9025, 189.573, 41.995, 188.994
20, 200, 26.392, 199.151, 32.7465, 198.539, 38.1773, 198.675, 43.4455, 197.954, 47.5918, 197.172
20, 210, 27.3244, 209.004, 34.2752, 208.095, 40.3171, 208.197, 46.623, 207.673, 52.612, 206.857
20, 220, 27.3684, 219.108, 34.6863, 218.241, 41.16, 218.572, 48.0277, 218.032, 55.1143, 217.269
20, 230, 27.5669, 229.182, 35.0623, 228.406, 41.844, 228.822, 48.9705, 228.288, 56.4494, 227.754
30, 0, 37.8031, 0.819799, 45.3834, 1.86804, 52.4208, 2.32186, 59.2424, 3.92294, 66.0555, 4.77082
30, 10, 37.6262, 10.7157, 45.0434, 11.6833, 52.0228, 12.074, 58.7109, 13.5838, 65.4668, 14.3525
30, 20, 37.6331, 20.6719, 45.0556, 21.5993, 51.986, 21.9532, 58.6777, 23.3461, 65.4204, 24.1131
30, 30, 37.6055, 30.5592, 45.0094, 31.3671, 51.9274, 31.6517, 58.6491, 32.8914, 65.4115, 33.5927
30, 40, 37.4488, 40.4585, 44.7423, 41.1949, 51.5993, 41.3848, 58.1885, 42.562, 64.8915, 43.1397
30, 50, 37.3905, 50.3482, 44.6342, 51.0492, 51.4519, 51.1682, 57.9543, 52.1952, 64.6283, 52.7431
30, 60, 37.3188, 60.2627, 44.5194, 60.9044, 51.3128, 60.9648, 57.7893, 61.9045, 64.4213, 62.3198
30, 70, 37.3164, 70.2438, 44.5115, 70.8664, 51.2957, 70.9106, 57.7624, 71.8165, 64.3846, 72.1952
30, 80, 37.2688, 80.1668, 44.4193, 80.7496, 51.2164, 80.7802, 57.4591, 81.5801, 64.021, 81.9082
30, 90, 37.2028, 90.0761, 44.3095, 90.4878, 51.039, 90.4377, 57.4428, 91.1095, 64.0619, 91.3414
30, 100, 37.0956, 100.005, 44.0985, 100.289, 50.7213, 100.158, 57.0916, 100.763, 63.5883, 100.937
30, 110, 37.004, 109.749, 43.9153, 109.721, 50.4936, 109.4, 56.712, 109.559, 63.2219, 109.459
30, 120, 37.0706, 119.566, 44.3633, 119.303, 50.7417, 118.82, 57.0818, 118.662, 63.6576, 118.358
30, 130, 36.9375, 128.979, 44.1187, 128.14, 50.5578, 127.342, 57.0903, 126.966, 64.034, 126.501
30, 140, 36.7172, 137.09, 43.5165, 134.309, 49.4667, 132.876, 55.5084, 131.987, 61.9038, 131.192
30, 150, 36.7876, 148.74, 43.9018, 147.678, 49.5259, 146.394, 55.6798, 145.724, 61.5014, 144.811
30, 160, 36.7937, 159.555, 43.7628, 159.358, 49.3841, 159.253, 55.3361, 158.921, 60.8913, 158.396
30, 170, 35.2598, 170.126, 40.8843, 170.461, 45.716, 170.961, 50.7378, 170.938, 55.4491, 170.92
30, 180, 34.8518, 180.337, 39.7031, 180.903, 44.2722, 181.464, 49.0091, 181.291, 52.9996, 181.207
30, 190, 35.2827, 189.779, 39.9626, 189.814, 44.7101, 190.122, 49.3392, 189.906, 53.8198, 189.296
30, 200, 37.1756, 199.212, 44.6077, 198.589, 50.6138, 198.801, 57.0164, 198.269, 63.096, 197.716
30, 210, 38.1092, 209.044, 45.9949, 208.152, 53.0781, 208.249, 60.4442, 207.79, 68.1574, 207.029
30, 220, 38.4672, 219.042, 46.8812, 218.036, 54.5126, 218.161, 62.6578, 217.633, 71.4099, 216.881
30, 230, 38.5323, 229.136, 46.9662, 228.226, 54.7195, 228.532, 63.0729, 227.99, 71.8395, 227.341
40, 0, 47.7142, 0.786118, 55.2031, 1.80528, 62.1911, 2.23318, 68.9274, 3.83697, 75.756, 4.64887
40, 10, 47.6189, 10.7429, 55.0316, 11.7223, 61.9693, 12.1112, 68.6482, 13.6457, 75.4192, 14.4083
40, 20, 47.5697, 20.7161, 54.9584, 21.6671, 61.8276, 21.9993, 68.436, 23.4259, 75.1426, 24.1916
40, 30, 47.56, 30.585, 54.9403, 31.3917, 61.7994, 31.6211, 68.4884, 32.8231, 75.2275, 33.5249
40, 40, 47.3983, 40.4531, 54.6387, 41.1718, 61.4218, 41.3003, 68.0245, 42.3919, 74.6864, 42.9963
40, 50, 47.3442, 50.3359, 54.5452, 51.0298, 61.3197, 51.1191, 67.8328, 52.1079, 74.4862, 52.6489
40, 60, 47.2563, 60.263, 54.3976, 60.9094, 61.1403, 60.9585, 67.6015, 61.887, 74.2033, 62.2872
40, 70, 47.2541, 70.2374, 54.3896, 70.849, 61.1262, 70.8846, 67.5749, 71.7719, 74.1707, 72.1326
40, 80, 47.2367, 80.1763, 54.3565, 80.7529, 61.1181, 80.7713, 67.3669, 81.5811, 73.9284, 81.8962
40, 90, 47.1759, 90.1169, 54.2619, 90.5759, 60.9516, 90.5248, 67.348, 91.2361, 73.9531, 91.5104
40, 100, 47.1108, 100.063, 54.1739, 100.335, 60.7872, 100.27, 67.1956, 100.984, 73.7111, 101.134
40, 110, 46.9186, 109.6, 53.8552, 109.559, 60.4169, 109.246, 66.6284, 109.306, 73.1165, 109.172
40, 120, 45.9359, 119.173, 52.3931, 118.79, 58.4899, 118.219, 64.5682, 118.04, 70.8972, 117.769
40, 160, 41.5092, 159.779, 45.8315, 159.806, 50.8748, 159.674, 56.9097, 159.233, 62.2293, 158.808
40, 170, 40.4882, 171.161, 44.2278, 172.114, 48.7111, 172.936, 53.5223, 173.051, 57.9207, 173.188
40, 180, 41.6743, 181.398, 45.1498, 182.293, 49.2981, 183.032, 53.4265, 183.087, 57.5319, 182.965
40, 190, 43.8871, 190.046, 47.4746, 190.181, 52.333, 190.613, 57.7448, 190.256, 62.2018, 190.077
40, 200, 47.7264, 199.408, 55.5132, 198.983, 62.1464, 199.312, 69.5397, 199.031, 76.9685, 198.697
40, 210, 48.984, 209.238, 57.8332, 208.626, 65.894, 208.902, 74.189, 208.61, 83.1288, 208.136
40, 220, 49.6169, 219.131, 59.2557, 218.234, 68.0022, 218.506, 76.9148, 218.173, 86.234, 217.751
40, 230, 49.6982, 229.23, 59.3449, 228.407, 67.9782, 228.875, 76.895, 228.652, 86.1444, 228.217
50, 0, 57.5191, 0.738752, 64.9016, 1.72371, 71.7669, 2.11138, 78.3722, 3.68467, 85.1144, 4.44836
50, 10, 57.5082, 10.7338, 64.8933, 11.7197, 71.7575, 12.1055, 78.3558, 13.6753, 85.0906, 14.4359
50, 20, 57.4629, 20.706, 64.8123, 21.6563, 71.606, 21.9925, 78.1008, 23.4784, 84.7448, 24.2129
50, 30, 57.1387, 30.4952, 64.1013, 31.2045, 70.7392, 31.3573, 77.0107, 32.6979, 83.4028, 33.2716
50, 40, 57.1288, 40.3188, 64.0957, 40.9658, 70.723, 41.0124, 77.081, 42.081, 83.559, 42.6065
50, 50, 57.1284, 50.3, 64.0876, 50.9352, 70.7147, 50.9836, 76.9895, 52.0217, 83.449, 52.4868
50, 60, 57.1172, 60.2629, 64.0766, 60.8795, 70.6996, 60.9008, 76.9773, 61.8734, 83.4293, 62.2451
50, 70, 57.1275, 70.2291, 64.1044, 70.8055, 70.7346, 70.8185, 77.0171, 71.7131, 83.5025, 72.0546
50, 80, 57.1057, 80.2059, 64.0729, 80.7607, 70.7172, 80.7561, 76.8638, 81.6051, 83.2948, 81.9314
50, 90, 57.0858, 90.1345, 64.0704, 90.5893, 70.7408, 90.5214, 77.1013, 91.2455, 83.6602, 91.537
50, 100, 57.054, 100.075, 63.9711, 100.357, 70.6451, 100.288, 77.0264, 101.004, 83.5898, 101.159
50, 110, 56.7537, 109.724, 63.4673, 109.68, 69.9292, 109.065, 76.0186, 109.149, 82.3451, 108.819
50, 120, 56.1051, 119.088, 62.366, 118.461, 68.4068, 117.747, 74.238, 117.499, 80.2775, 117.123
50, 160, 51.8378, 159.761, 54.1512, 159.855, 55.8869, 159.74, 59.0429, 159.145, 64.0334, 158.7
50, 170, 51.3801, 170.939, 53.6591, 172.015, 55.0189, 173.581, 58.719, 173.507, 63.0463, 173.386
50, 180, 52.1247, 181.463, 55.3709, 182.364, 58.7026, 183.216, 62.5796, 183.242, 66.313, 183.261
50, 190, 54.8482, 190.196, 60.1003, 190.483, 65.2809, 191.018, 71.3013, 190.855, 77.957, 190.488
50, 200, 58.0197, 199.925, 66.282, 199.934, 73.7093, 200.547, 81.9468, 200.492, 90.431, 200.268
50, 210, 59.3731, 209.64, 68.7742, 209.272, 77.2521, 209.858, 86.4386, 209.878, 96.3114, 209.709
50, 220, 59.8754, 219.443, 70.0238, 218.904, 79.2274, 219.33, 88.8715, 219.299, 98.9605, 219.114
60, 0, 67.4395, 0.727581, 74.7041, 1.6744, 81.3222, 1.99138, 87.8664, 3.54864, 94.3769, 4.24045
60, 10, 66.7426, 10.5521, 73.5183, 11.3584, 80.0437, 11.6909, 86.1016, 13.1067, 92.4072, 13.8016
60, 20, 65.9617, 20.3244, 72.6496, 21.1166, 79.1308, 21.388, 85.1482, 22.809, 91.4447, 23.4641
60, 30, 66.8335, 30.3461, 73.5797, 31.0458, 80.114, 31.1739, 86.1829, 32.5145, 92.4459, 33.0988
60, 40, 67.1399, 40.1811, 74.0651, 40.7673, 80.7093, 40.8174, 86.9945, 41.8878, 93.3861, 42.3383
60, 50, 67.2118, 50.2479, 74.2157, 50.886, 80.9016, 50.9535, 87.2496, 51.9811, 93.7699, 52.424
60, 60, 67.3548, 60.2737, 74.4618, 60.9045, 81.214, 60.9513, 87.689, 61.9238, 94.2817, 62.2838
60, 70, 67.3211, 70.2786, 74.438, 70.879, 81.1869, 70.9295, 87.6858, 71.8054, 94.3848, 72.1291
60, 80, 67.2984, 80.2331, 74.4101, 80.7958, 81.1491, 80.8243, 87.7007, 81.58, 94.6196, 81.8244
60, 90, 67.2666, 90.1703, 74.3773, 90.6462, 81.0695, 90.6134, 87.7651, 91.2077, 94.8165, 91.2788
60, 100, 67.3066, 100.127, 74.3457, 100.449, 81.0123, 100.413, 87.895, 101.013, 95.3086, 101.008
60, 110, 67.1123, 110.038, 74.0032, 110.291, 80.5578, 110.181, 87.1597, 110.434, 94.257, 109.75
60, 120, 66.0487, 119.815, 72.2144, 119.811, 78.3383, 119.363, 84.2678, 119.433, 91.0596, 118.971
60, 160, 66.239, 159.648, 71.8213, 159.473, 74.9263, 159.607, 79.2411, 159.157, 82.6679, 158.813
60, 170, 66.3819, 170.27, 71.8359, 170.84, 75.6362, 171.577, 81.1424, 171.584, 85.9717, 171.492
60, 180, 66.7754, 180.401, 72.4491, 180.93, 77.8564, 181.865, 84.0245, 182.11, 90.134, 182.305
60, 190, 67.6883, 190.206, 74.8767, 190.463, 81.6638, 191.164, 89.255, 191.309, 97.9356, 191.263
60, 200, 68.6914, 200.14, 77.4477, 200.281, 85.347, 201.052, 93.8929, 201.29, 103.051, 201.275
60, 210, 69.5913, 209.924, 78.695, 209.831, 87.1536, 210.409, 96.0536, 210.48, 105.557, 210.221
60, 220, 70.2161, 219.832, 80.1678, 219.476, 88.8449, 220.168, 98.1301, 220.364, 107.929, 220.256
70, 0, 79.4942, 1.27898, 88.8723, 2.76688, 97.8658, 3.45443, 106.835, 5.30684, 115.855, 6.221
70, 10, 78.7498, 11.0913, 87.0092, 12.2316, 94.7567, 12.7164, 102.017, 14.3428, 109.154, 15.0777
70, 20, 77.9479, 20.7947, 85.6579, 21.7504, 92.9436, 22.0676, 99.8175, 23.6042, 106.759, 24.2465
70, 30, 77.3083, 30.3829, 84.6825, 31.1013, 91.8656, 31.2234, 98.7048, 32.6498, 105.67, 33.2033
70, 40, 77.3853, 40.0674, 84.7257, 40.548, 91.8784, 40.4988, 98.7302, 41.7458, 105.789, 42.1383
70, 50, 77.3841, 50.1612, 84.6483, 50.7713, 91.6774, 50.8342, 98.4478, 52.0234, 105.445, 52.5668
70, 60, 77.481, 60.2555, 84.7302, 60.8615, 91.7019, 60.8976, 98.4389, 61.9739, 105.43, 62.3558
70, 70, 77.3793, 70.2855, 84.5406, 70.8801, 91.3642, 70.9377, 97.9698, 71.878, 104.89, 72.1926
70, 80, 77.3086, 80.2605, 84.4203, 80.8134, 91.1379, 80.8476, 97.7313, 81.6005, 104.723, 81.7715
70, 90, 77.2939, 90.2036, 84.4197, 90.7116, 91.0795, 90.7178, 97.8237, 91.2997, 104.964, 91.2799
70, 100, 77.2961, 100.161, 84.3623, 100.565, 91.0478, 100.592, 97.8435, 101.12, 105.184, 101.014
70, 110, 77.1049, 110.106, 84.0393, 110.461, 90.6532, 110.447, 97.3083, 110.883, 104.317, 110.24
70, 120, 76.4074, 119.956, 82.8124, 120.137, 89.2031, 120.003, 94.8382, 120.301, 102.227, 119.831
70, 130, 75.3529, 128.489, 81.5544, 127.614, 87.9761, 126.683, 94.1191, 126.325, 101.07, 125.911
70, 140, 76.7703, 138.797, 83.5787, 137.721, 90.4225, 136.645, 97.0152, 136.101, 104.349, 134.858
70, 150, 78.5183, 149.325, 86.6377, 148.783, 94.8631, 148.239, 102.514, 148.147, 110.744, 147.785
70, 160, 79.0718, 159.767, 88.1338, 159.512, 97.3085, 159.615, 105.896, 159.784, 115.317, 159.689
70, 170, 79.6122, 170.165, 89.1282, 170.323, 98.644, 170.798, 107.822, 171.183, 118, 171.344
70, 180, 79.369, 180.201, 88.7152, 180.302, 97.7523, 180.824, 106.755, 181.134, 116.692, 181.186
70, 190, 79.2695, 190.15, 88.5869, 190.271, 97.3624, 190.902, 106.28, 191.216, 115.92, 191.257
70, 200, 79.2389, 200.12, 88.4104, 200.24, 97.0288, 200.965, 106.036, 201.285, 115.353, 201.283
70, 210, 79.337, 210.007, 88.3534, 210.022, 96.8392, 210.795, 105.811, 211.032, 115.184, 210.99
70, 220, 79.8604, 219.951, 89.5768, 219.87, 98.303, 220.745, 107.651, 221.069, 117.354, 221.17
80, 0, 89.5036, 1.2845, 98.9257, 2.72096, 108.045, 3.30768, 117.296, 5.11142, 127.007, 5.94156
80, 10, 88.7577, 11.1012, 97.0958, 12.2103, 105.128, 12.6657, 113.105, 14.3307, 121.518, 15.1502
80, 20, 87.996, 20.803, 95.8447, 21.7485, 103.428, 22.064, 110.835, 23.6532, 118.564, 24.343
80, 30, 87.3381, 30.368, 94.7415, 31.0706, 102.001, 31.1931, 108.995, 32.6497, 116.307, 33.208
80, 40, 87.4769, 39.9226, 94.8824, 40.2469, 102.095, 40.1107, 109.018, 41.3247, 116.284, 41.6748
80, 50, 87.4552, 50.1096, 94.7531, 50.6666, 101.81, 50.7263, 108.631, 51.9246, 115.769, 52.4087
80, 60, 87.4881, 60.2969, 94.7554, 60.9017, 101.768, 60.9482, 108.55, 62.0743, 115.64, 62.5211
80, 70, 87.3856, 70.3663, 94.5555, 71.0112, 101.439, 71.0709, 108.07, 72.1174, 115.056, 72.557
80, 80, 87.3304, 80.3128, 94.4701, 80.9049, 101.294, 80.9552, 107.937, 81.8112, 115.018, 82.0232
80, 90, 87.2095, 90.2481, 94.2451, 90.8002, 100.983, 90.8125, 107.556, 91.5047, 114.624, 91.6398
80, 100, 87.1942, 100.2, 94.1575, 100.698, 100.811, 100.703, 107.322, 101.276, 114.334, 101.281
80, 110, 87.0173, 110.14, 93.8509, 110.535, 100.433, 110.532, 107.097, 111.071, 114.268, 110.89
80, 120, 86.4395, 120.031, 92.8266, 120.282, 99.3192, 120.223, 105.107, 120.771, 111.311, 120.487
80, 130, 86.2918, 129.311, 92.5758, 128.821, 98.8387, 127.994, 105.099, 127.811, 111.847, 127.306
80, 140, 86.3204, 139.525, 92.6803, 139.15, 99.0143, 138.514, 105.313, 138.37, 112.202, 137.843
80, 150, 87.7924, 149.697, 95.0806, 149.359, 102.373, 149.08, 109.487, 149.081, 117.317, 148.865
80, 160, 89.1945, 159.911, 97.9485, 159.842, 106.438, 159.979, 114.625, 160.285, 123.665, 160.33
80, 170, 89.9717, 170.194, 99.3864, 170.364, 108.285, 170.877, 117.183, 171.36, 126.779, 171.504
80, 180, 90.0031, 180.145, 99.8667, 180.183, 109.068, 180.74, 118.071, 181.094, 128.068, 181.135
80, 190, 89.7039, 190.107, 99.4667, 190.166, 108.367, 190.824, 117.363, 191.167, 127.184, 191.217
80, 200, 89.2873, 200.094, 98.7199, 200.092, 107.477, 200.799, 116.536, 201.134, 126.067, 201.176
80, 210, 89.281, 210.026, 98.6774, 209.952, 107.449, 210.674, 116.581, 211.011, 126.209, 211.029
80, 220, 89.3487, 220.014, 98.8323, 219.914, 107.553, 220.792, 116.885, 221.16, 126.629, 221.254
90, 0, 99.5593, 1.25743, 109.106, 2.63581, 118.603, 3.10736, 128.266, 4.77079, 138.76, 5.38116
90, 10, 99.0445, 11.1065, 107.788, 12.1802, 116.228, 12.5416, 124.554, 14.1409, 134.106, 14.8441
90, 20, 98.6234, 20.7806, 106.947, 21.6629, 114.961, 21.9243, 122.766, 23.5371, 131.342, 24.2714
90, 30, 98.3818, 30.2861, 106.52, 31.0017, 114.379, 31.1818, 121.936, 32.7818, 130.141, 33.4914
90, 40, 98.508, 39.2413, 106.729, 39.2966, 114.672, 39.0613, 122.321, 40.3681, 130.718, 40.7915
90, 50, 98.3221, 49.4498, 106.448, 49.4323, 114.446, 48.7793, 122.396, 49.2803, 130.936, 49.5961
90, 60, 97.9829, 60.302, 105.832, 60.9328, 113.52, 60.9996, 121.272, 62.0112, 129.658, 62.5056
90, 70, 97.6121, 70.4474, 105.077, 71.1188, 112.323, 71.2485, 119.539, 72.3483, 127.314, 72.8991
90, 80, 97.3108, 80.3718, 104.492, 80.9829, 111.402, 81.0846, 118.267, 82.003, 125.7, 82.3301
90, 90, 97.0792, 90.3077, 104.076, 90.8915, 110.811, 90.9568, 117.307, 91.7711, 124.298, 91.9809
90, 100, 97.0164, 100.272, 103.902, 100.811, 110.536, 100.873, 116.922, 101.576, 123.894, 101.782
90, 110, 96.9725, 110.24, 103.844, 110.732, 110.538, 110.817, 116.987, 111.474, 124.242, 111.726
90, 120, 96.6301, 120.189, 103.213, 120.647, 109.958, 120.722, 115.939, 121.295, 122.488, 121.535
90, 130, 96.218, 129.811, 102.52, 129.762, 108.741, 129.363, 115.097, 129.553, 121.919, 129.336
90, 140, 96.1988, 139.755, 102.518, 139.626, 108.778, 139.266, 115.132, 139.275, 122.047, 138.985
90, 150, 96.8319, 149.906, 103.694, 149.785, 110.622, 149.686, 117.667, 149.876, 125.478, 149.787
90, 160, 97.8744, 160.112, 105.731, 160.23, 113.758, 160.646, 121.794, 161.051, 130.737, 161.114
90, 170, 98.7849, 170.228, 107.308, 170.533, 115.734, 171.052, 124.404, 171.615, 133.747, 171.77
90, 180, 99.2902, 180.108, 108.252, 180.193, 117.033, 180.831, 125.879, 181.154, 135.55, 181.194
90, 190, 99.4418, 190.107, 108.611, 190.197, 117.336, 190.926, 126.294, 191.285, 135.873, 191.35
90, 200, 99.5216, 200.055, 108.928, 200.029, 117.78, 200.771, 126.939, 201.153, 136.534, 201.206
90, 210, 99.4318, 210.026, 108.726, 209.938, 117.384, 210.724, 126.534, 211.111, 136.087, 211.151
90, 220, 99.4083, 220.027, 108.843, 219.927, 117.329, 220.857, 126.734, 221.283, 136.368, 221.393
90, 230, 99.4246, 230.028, 108.819, 229.906, 117.322, 230.859, 126.752, 231.262, 136.334, 231.381
100, 0, 110.313, -2.48274, 109.582, 1.54637, 119.101, 2.34129, 128.849, 4.07164, 139.378, 4.72761
100, 10, 109.567, 8.91023, 119.14, 9.14197, 128.757, 9.6846, 138.508, 11.5227, 149.188, 12.5119
100, 20, 109.441, 18.9765, 118.842, 19.275, 128.255, 19.6121, 137.829, 21.2372, 148.359, 22.0458
100, 30, 109.079, 29.5809, 118.021, 30.692, 126.983, 31.0809, 135.934, 32.897, 145.939, 33.7096
100, 40, 108.75, 39.7505, 117.527, 39.9961, 126.374, 39.3884, 135.259, 40.3012, 145.638, 39.4759
100, 50, 108.619, 49.294, 117.26, 48.9123, 125.897, 47.9643, 134.727, 48.0328, 144.645, 47.327
100, 60, 107.952, 60.5019, 115.866, 61.1715, 123.561, 61.3985, 131.278, 62.6257, 139.775, 63.1989
100, 70, 107.501, 70.4648, 114.939, 71.1456, 122.149, 71.3048, 129.293, 72.463, 137.077, 73.0598
100, 80, 107.11, 80.4174, 114.133, 81.0271, 120.954, 81.1445, 127.582, 82.1311, 134.678, 82.6116
100, 90, 106.864, 90.3338, 113.666, 90.9243, 120.329, 91.0172, 126.513, 91.8674, 133.137, 92.1286
100, 100, 106.812, 100.314, 113.52, 100.865, 120.113, 100.967, 126.163, 101.736, 132.668, 101.972
100, 110, 106.729, 110.294, 113.389, 110.82, 119.97, 110.935, 125.974, 111.669, 132.461, 111.904
100, 120, 106.753, 120.225, 113.401, 120.752, 120.012, 120.914, 126.135, 121.522, 132.595, 121.874
100, 130, 106.135, 130.074, 112.401, 130.201, 118.586, 130.051, 124.962, 130.339, 131.778, 130.256
100, 140, 106.091, 140.021, 112.346, 140.132, 118.572, 140.039, 125.023, 140.171, 132.091, 140.057
100, 150, 106.419, 150.056, 113.119, 150.2, 119.806, 150.268, 126.887, 150.706, 134.828, 150.787
100, 160, 106.956, 160.204, 114.235, 160.55, 121.655, 160.94, 129.359, 161.356, 137.947, 161.471
100, 170, 107.517, 170.31, 115.064, 170.776, 122.799, 171.35, 130.976, 171.908, 139.953, 172.051
100, 180, 107.831, 180.162, 115.612, 180.393, 123.592, 181.069, 131.883, 181.488, 140.889, 181.536
100, 190, 108.166, 190.207, 116.276, 190.438, 124.433, 191.171, 133.021, 191.724, 142.268, 191.813
100, 200, 108.641, 200.145, 117.098, 200.244, 125.38, 201.091, 134.187, 201.674, 143.552, 201.782
100, 210, 108.879, 210.071, 117.815, 210.07, 126.212, 210.969, 135.361, 211.49, 144.834, 211.602
100, 220, 109.137, 220.055, 118.58, 219.984, 127.067, 220.92, 136.51, 221.384, 146.172, 221.547
110, 0, 123.326, -7.60166, 120.204, -1.27591, 119.524, 1.02281, 129.201, 3.31793, 139.698, 4.07294
110, 20, 121.64, 11.3729, 134.959, -11.4949, 131.232, 11.8868, 141.018, 13.6203, 151.769, 14.5486
110, 30, 121.499, 20.8985, 135.162, -1.19516, 130.944, 21.1917, 140.479, 22.8058, 150.995, 23.6677
110, 40, 121.528, 27.6807, 133.347, 19.2715, 146.004, 7.73298, 156.483, 8.22141, 166.881, 10.5839
110, 50, 121.305, 39.7109, 132.534, 30.7713, 141.822, 30.4302, 150.511, 32.8217, 160.11, 34.6145
110, 60, 117.901, 60.5343, 125.78, 61.1683, 133.412, 61.4109, 141.057, 62.6577, 149.545, 63.1952
110, 70, 117.487, 70.4655, 124.922, 71.1347, 132.114, 71.294, 139.228, 72.4518, 146.999, 73.0708
110, 80, 117.07, 80.4119, 124.057, 81.0314, 130.859, 81.14, 137.47, 82.1551, 144.567, 82.714
110, 90, 116.796, 90.3284, 123.528, 90.9274, 130.154, 91.0098, 136.31, 91.896, 142.885, 92.2027
110, 100, 116.76, 100.319, 123.413, 100.887, 129.97, 100.985, 136.008, 101.798, 142.446, 102.07
110, 110, 116.678, 110.324, 123.266, 110.85, 129.788, 110.969, 135.78, 111.763, 142.143, 112.022
110, 120, 116.671, 120.253, 123.241, 120.792, 129.763, 120.975, 135.821, 121.631, 142.23, 121.965
110, 130, 116.012, 130.152, 122.115, 130.39, 128.134, 130.335, 134.289, 130.757, 140.867, 130.762
110, 140, 115.823, 140.139, 121.831, 140.424, 127.681, 140.443, 133.724, 140.659, 140.405, 140.592
110, 150, 115.739, 150.108, 121.886, 150.367, 127.951, 150.555, 134.45, 150.86, 141.772, 150.938
110, 160, 115.985, 160.385, 122.387, 160.854, 128.884, 161.354, 135.961, 161.8, 144.033, 161.866
110, 170, 116.298, 170.521, 122.865, 171.011, 129.746, 171.867, 137.519, 172.291, 145.899, 172.42
110, 180, 116.88, 180.358, 123.873, 180.788, 130.997, 181.584, 139.015, 181.994, 147.873, 182.037
110, 190, 117.585, 190.351, 125.089, 190.764, 132.248, 191.644, 140.418, 192.074, 149.314, 192.156
110, 200, 118.215, 200.234, 126.506, 200.407, 134.042, 201.326, 142.447, 201.947, 151.641, 202.081
110, 210, 118.531, 210.125, 127.197, 210.196, 135.034, 211.21, 143.851, 211.869, 153.34, 212.012
110, 220, 118.755, 220.119, 127.667, 220.12, 135.757, 221.128, 144.777, 221.799, 154.214, 221.981
120, 20, 131.802, 10.8388, 144.152, -8.64205, 144.775, -1.39323, 141.578, 12.6704, 152.315, 13.6595
120, 30, 131.65, 20.4279, 143.399, 7.53179, 155.185, 1.53307, 166.025, 1.66988, 176.232, 4.53425
120, 40, 131.362, 28.195, 143.043, 20.3618, 154.432, 14.4585, 164.901, 14.5428, 174.773, 17.7764
120, 50, 131.397, 38.6809, 142.71, 29.7573, 153.804, 25.2322, 164.185, 24.9877, 173.881, 28.4021
120, 60, 129.032, 60.4196, 137.077, 61.1124, 144.702, 61.3132, 152.278, 62.4869, 160.512, 63.0167
120, 70, 127.707, 70.4474, 135.198, 71.1054, 142.403, 71.2708, 149.573, 72.364, 157.214, 72.9517
120, 80, 126.803, 80.3719, 133.565, 80.9754, 140.191, 81.0684, 146.705, 82.0738, 153.688, 82.5839
120, 90, 126.65, 90.3361, 133.245, 90.9135, 139.734, 91.0063, 145.798, 91.9016, 152.202, 92.1924
120, 100, 126.691, 100.32, 133.312, 100.884, 139.843, 101.001, 145.905, 101.84, 152.342, 102.129
120, 110, 126.702, 110.349, 133.306, 110.883, 139.842, 111.025, 145.842, 111.849, 152.253, 112.143
120, 120, 126.744, 120.266, 133.422, 120.823, 139.972, 121.026, 146.045, 121.712, 152.573, 122.006
120, 130, 126.408, 130.178, 132.895, 130.416, 139.085, 130.385, 145.376, 130.843, 152.029, 130.892
120, 140, 127.18, 140.489, 134.305, 141.021, 140.723, 141.137, 147.659, 141.874, 154.923, 142.11
120, 150, 127.333, 150.528, 134.422, 150.99, 140.882, 151.136, 147.875, 151.848, 155.219, 152.055
120, 160, 127.879, 160.843, 135.132, 161.4, 142.084, 161.856, 149.294, 162.534, 157.002, 162.834
120, 170, 128.053, 171.054, 135.397, 171.854, 142.594, 172.779, 150.071, 173.32, 157.998, 173.524
120, 180, 127.694, 180.829, 134.779, 181.397, 142.027, 182.411, 149.875, 182.978, 158.287, 183.069
120, 190, 127.989, 190.667, 135.744, 191.198, 143.411, 192.303, 151.649, 192.985, 160.403, 193.113
120, 200, 128.049, 200.321, 136.459, 200.71, 144.417, 201.763, 153.083, 202.377, 161.991, 202.618
120, 210, 128.5, 210.22, 137.321, 210.383, 145.5, 211.41, 154.336, 212.105, 163.515, 212.327
120, 220, 128.88, 220.231, 138.038, 220.341, 146.324, 221.396, 155.435, 222.13, 164.875, 222.404
130, 30, 142.776, 21.4816, 148.464, -12.2963, 154.133, 16.1629, 164.576, 16.1505, 174.423, 19.3795
130, 40, 141.271, 28.4477, 153.404, 22.0256, 165.334, 20.1815, 176.638, 23.5984, 185.33, 25.5206
130, 50, 147.263, 48.4309, 163.421, 51.0584, 171.15, 47.3231, 178.147, 47.2427, 184.255, 47.5058
130, 60, 147.425, 60.9998, 163.004, 62.493, 170.214, 62.3923, 176.267, 63.2324, 181.99, 63.6483
130, 70, 146.9, 71.0927, 154.239, 71.6266, 160.201, 71.6367, 165.887, 72.4987, 171.736, 72.8633
130, 80, 142.177, 80.9777, 148.405, 81.4985, 154.395, 81.5423, 160.151, 82.4041, 166.072, 82.8136
130, 90, 136.542, 90.2979, 142.983, 90.8935, 149.292, 90.9786, 155.209, 91.8755, 161.414, 92.1904
130, 100, 136.838, 100.362, 143.369, 100.951, 149.801, 101.111, 155.818, 101.969, 162.212, 102.31
130, 110, 136.725, 110.41, 143.261, 110.959, 149.725, 111.174, 155.751, 112.013, 162.191, 112.411
130, 120, 136.813, 120.28, 143.392, 120.875, 149.858, 121.183, 155.924, 122.242, 162.545, 122.603
130, 140, 138.711, 140.777, 146.687, 141.292, 153.671, 141.818, 161.085, 142.612, 168.851, 142.976
130, 150, 138.951, 150.838, 147.118, 151.413, 154.242, 151.965, 161.609, 152.765, 169.228, 153.071
130, 160, 139.103, 160.913, 147.45, 161.585, 154.783, 162.185, 162.153, 162.995, 169.67, 163.265
130, 170, 139.103, 170.84, 147.49, 171.455, 154.954, 172.189, 162.378, 173.005, 169.87, 173.245
130, 180, 139.15, 180.999, 147.881, 181.933, 155.863, 183.189, 163.481, 183.896, 170.98, 183.946
130, 190, 138.515, 190.713, 146.96, 191.284, 154.964, 192.471, 162.937, 193.119, 170.953, 193.253
130, 200, 138.313, 200.357, 146.839, 200.796, 154.77, 201.96, 163.062, 202.717, 171.604, 202.95
130, 210, 138.698, 210.307, 147.543, 210.597, 155.763, 211.75, 164.32, 212.417, 173.18, 212.803
130, 220, 139.061, 220.321, 148.245, 220.57, 156.678, 221.734, 165.414, 222.431, 174.632, 222.839
140, 20, 150.238, 2.33475, 164.501, -17.9405, 161.909, -8.42719, 161.053, 2.44028, 171.277, 5.23994
140, 40, 151.218, 27.2883, 163.647, 20.5933, 170.909, 2.32685, 183.17, 6.24997, 193.084, 8.98213
140, 50, 157.391, 48.0841, 173.715, 51.0633, 181.461, 47.4215, 188.411, 47.3974, 194.513, 47.6775
140, 60, 157.367, 60.7993, 172.717, 62.2397, 180.185, 62.0746, 186.238, 62.8867, 191.633, 63.285
140, 70, 156.644, 70.9744, 171.479, 72.111, 178.451, 72.0182, 184.494, 72.8742, 189.831, 73.2286
140, 80, 155.809, 81.0743, 169.1, 82.0048, 175.528, 81.9548, 181.335, 82.8492, 186.776, 83.1886
140, 90, 153.934, 90.9547, 160.477, 91.4958, 166.39, 91.5361, 172.073, 92.4062, 177.939, 92.7955
140, 100, 150.857, 100.72, 156.996, 101.16, 162.923, 101.245, 168.48, 102.111, 174.324, 102.397
140, 110, 146.368, 105.965, 152.734, 106.533, 158.806, 106.637, 164.779, 107.577, 171.047, 107.987
140, 130, 153.524, 131.939, 162.142, 132.765, 168.602, 133.067, 175.173, 133.671, 181.593, 133.726
140, 140, 150.423, 141.225, 158.769, 141.926, 165.493, 142.4, 172.825, 143.187, 180.184, 143.491
140, 150, 150.411, 151.243, 158.966, 151.988, 165.923, 152.546, 173.201, 153.3, 180.49, 153.597
140, 160, 150.012, 161.155, 158.687, 161.938, 165.866, 162.573, 173.165, 163.327, 180.487, 163.633
140, 170, 149.44, 170.989, 158.119, 171.753, 165.513, 172.435, 172.918, 173.259, 180.329, 173.581
140, 180, 152.23, 181.837, 162.041, 182.903, 170.624, 184.092, 178.001, 184.957, 185.137, 185.138
140, 190, 149.69, 190.809, 159.246, 191.294, 167.851, 192.499, 175.904, 193.199, 183.752, 193.492
140, 200, 148.93, 200.473, 158.154, 200.877, 166.587, 202.059, 174.958, 202.889, 183.411, 203.155
140, 210, 149.157, 210.445, 158.536, 210.798, 167.188, 211.971, 175.864, 212.827, 184.693, 213.164
140, 220, 149.222, 220.386, 158.612, 220.687, 167.334, 221.921, 176.063, 222.752, 185.241, 223.124
140, 230, 149.273, 230.389, 158.785, 230.668, 167.743, 231.937, 176.552, 232.766, 185.929, 233.164
150, 20, 157.195, -5.68045, 162.012, 9.32036, 171.783, -13.8684, 172.658, 9.91394, 182.685, 13.2353
150, 40, 158.804, 22.3796, 163.978, -5.3467, 172.665, 24.3945, 182.182, 23.7011, 190.151, 22.9283
150, 50, 168.544, 48.7609, 184.885, 51.9312, 193.306, 49.8838, 200.122, 49.7043, 206.117, 50.0796
150, 60, 167.976, 59.9818, 183.673, 61.8462, 191.764, 61.7547, 197.93, 62.5209, 203.199, 62.968
150, 70, 167.178, 70.7423, 182.35, 72.1572, 189.806, 72.0824, 196, 72.9257, 201.155, 73.3201
150, 80, 166.268, 80.8056, 181.407, 82.2021, 188.188, 82.2363, 193.834, 83.1546, 198.742, 83.6675
150, 90, 165.075, 90.8291, 173.896, 91.3499, 180.483, 91.4022, 186.094, 92.2816, 191.119, 92.7215
150, 100, 162.99, 100.52, 169.836, 100.752, 176.017, 100.726, 181.834, 101.621, 187.836, 101.973
150, 110, 157.825, 106.881, 163.714, 106.937, 169.505, 106.94, 175.174, 107.87, 181.138, 108.19
150, 120, 165.708, 120.845, 172.897, 121.144, 178.866, 121.158, 184.517, 121.823, 189.909, 121.75
150, 130, 164.547, 131.912, 172.25, 132.584, 178.459, 132.841, 184.505, 133.22, 190.39, 133.196
150, 140, 160.869, 141.377, 169.078, 142.059, 175.578, 142.518, 182.504, 143.18, 189.309, 143.327
150, 150, 160.575, 151.348, 169.106, 152.104, 175.924, 152.682, 182.971, 153.384, 190.019, 153.624
150, 160, 159.976, 161.181, 168.628, 161.976, 175.758, 162.63, 182.993, 163.389, 190.252, 163.691
150, 170, 159.379, 171.02, 168.042, 171.809, 175.357, 172.526, 182.804, 173.374, 190.243, 173.735
150, 180, 162.02, 181.928, 171.545, 182.984, 179.989, 184.21, 187.398, 185.111, 194.567, 185.345
150, 190, 160.196, 190.853, 170.028, 191.328, 178.854, 192.5, 186.957, 193.282, 194.666, 193.727
150, 200, 159.362, 200.598, 169.023, 200.966, 177.703, 202.136, 186.224, 203.01, 194.682, 203.388
150, 210, 159.47, 210.56, 169.098, 210.893, 177.815, 212.065, 186.514, 212.939, 195.379, 213.343
150, 220, 159.456, 220.522, 169.005, 220.833, 177.793, 222.075, 186.63, 222.949, 195.955, 223.427
150, 230, 159.505, 230.53, 169.035, 230.821, 177.958, 232.116, 186.86, 232.973, 196.44, 233.5
160, 50, 178.3, 48.9604, 192.957, 50.7235, 204.094, 53.0376, 211.64, 55.2701, 216.443, 55.9625
160, 60, 178.001, 57.3026, 192.586, 58.5279, 202.019, 58.816, 208.689, 59.74, 213.428, 60.131
160, 70, 178.095, 69.9652, 192.11, 71.087, 200.764, 71.0687, 207.297, 71.8914, 212.094, 72.3357
160, 80, 176.924, 79.8718, 190.492, 81.0505, 198.136, 81.2558, 203.916, 82.2413, 208.379, 82.8206
160, 90, 175.377, 91.0806, 185.288, 91.7995, 192.071, 91.9275, 197.44, 92.922, 202.077, 93.4177
160, 100, 172.821, 100.567, 180.137, 100.681, 186.608, 100.702, 191.851, 101.64, 196.391, 102.13
160, 110, 173.075, 109.91, 181.303, 109.921, 187.94, 110.335, 192.397, 111.698, 196.189, 112.455
160, 120, 168.75, 120.133, 175.706, 120.315, 181.635, 120.327, 187.23, 120.978, 191.567, 121.346
160, 130, 169.743, 131.068, 176.953, 131.62, 183.007, 131.851, 188.808, 132.225, 194.618, 132.177
160, 140, 170.807, 141.439, 178.778, 142.079, 185.014, 142.539, 191.565, 143.12, 198.051, 143.172
160, 150, 170.704, 151.457, 179.184, 152.203, 186.004, 152.856, 192.885, 153.572, 199.729, 153.729
160, 160, 169.74, 161.173, 178.345, 161.97, 185.525, 162.713, 192.724, 163.498, 199.863, 163.759
160, 170, 168.905, 170.94, 177.432, 171.705, 184.786, 172.469, 192.196, 173.34, 199.633, 173.712
160, 180, 169.069, 180.995, 178.035, 181.867, 186.27, 183.052, 193.706, 183.976, 201.094, 184.285
160, 190, 169.168, 190.835, 178.31, 191.382, 187.106, 192.532, 195.183, 193.408, 203.127, 193.984
160, 200, 169.371, 200.727, 178.973, 201.116, 187.601, 202.359, 196.114, 203.274, 204.839, 203.881
160, 210, 169.42, 210.677, 178.974, 211.014, 187.703, 212.278, 196.386, 213.2, 205.391, 213.837
160, 220, 169.286, 220.654, 178.711, 220.963, 187.483, 222.287, 196.294, 223.195, 205.569, 223.892
160, 230, 169.297, 230.684, 178.729, 230.984, 187.636, 232.376, 196.53, 233.294, 205.916, 233.99
170, 30, 176.677, 15.2149, 183.666, -9.08849, 182.269, -5.3526, 188.674, 19.3809, 198.14, 22.6296
170, 40, 177.453, 30.0715, 185.381, 18.1523, 194.13, 2.16727, 206.12, 6.77216, 216.597, 11.627
170, 50, 179.144, 47.4869, 193.502, 48.5586, 204.375, 50.3927, 211.548, 51.5836, 216.497, 52.2929
170, 60, 181.787, 55.9197, 195.818, 56.6459, 206.804, 59.5589, 213.238, 60.4522, 217.829, 61.093
170, 70, 182.154, 68.8501, 196.256, 69.9283, 205.033, 69.9057, 211.605, 70.7444, 216.249, 71.2222
170, 80, 184.43, 77.9825, 198.229, 79.2153, 206.712, 79.5629, 212.667, 80.5218, 216.934, 81.0911
170, 90, 185.519, 90.9168, 199.879, 92.261, 207.866, 92.8107, 213.181, 94.0595, 217.141, 95.0306
170, 100, 183.223, 100.599, 192.616, 101.056, 199.633, 101.3, 205.137, 102.402, 209.764, 103.152
170, 110, 181.335, 109.808, 190.435, 110.203, 197.904, 111.312, 203.201, 113.606, 207.653, 115.334
170, 120, 177.489, 120.141, 184.426, 120.241, 190.42, 120.544, 195.812, 123.476, 200.726, 125.34
170, 130, 178.731, 130.598, 185.99, 130.872, 192.084, 130.66, 197.703, 131.089, 204.05, 131.912
170, 140, 181.459, 141.723, 189.282, 142.355, 195.432, 142.807, 201.782, 143.363, 208.019, 143.37
170, 150, 180.486, 151.443, 188.73, 152.188, 195.583, 152.883, 202.484, 153.673, 209.437, 153.884
170, 160, 179.293, 161.101, 187.6, 161.882, 194.805, 162.675, 202.055, 163.55, 209.448, 163.919
170, 170, 178.395, 170.874, 186.556, 171.595, 193.985, 172.417, 201.491, 173.375, 209.29, 173.893
170, 180, 178.391, 180.868, 186.679, 181.6, 194.665, 182.684, 202.323, 183.725, 210.45, 184.305
170, 190, 178.717, 190.952, 187.362, 191.696, 195.6, 192.882, 203.699, 193.929, 212.211, 194.662
170, 200, 179.033, 200.806, 188.501, 201.25, 196.842, 202.597, 205.268, 203.611, 214.135, 204.2
170, 210, 179.122, 210.751, 188.604, 211.119, 197.002, 212.5, 205.56, 213.532, 214.546, 214.16
170, 220, 178.937, 220.765, 188.207, 221.103, 196.749, 222.551, 205.501, 223.568, 214.576, 224.243
180, 20, 185.622, 20.3011, 192.039, 10.9306, 204.423, -15.7211, 203.385, 15.4777, 212.284, 19.5832
180, 30, 185.107, 29.9679, 193.039, 22.038, 203.775, 14.9364, 213.038, 16.0898, 221.002, 16.6155
180, 40, 185.696, 40.0631, 196.549, 35.4102, 208.823, 35.8982, 216.387, 36.998, 222.246, 37.3533
180, 50, 187.388, 49.5997, 200.48, 50.9659, 211.516, 51.7921, 218.679, 53.3674, 223.54, 54.1279
180, 60, 190.618, 57.2682, 203.707, 58.0328, 213.068, 58.6376, 219.281, 60.0751, 223.927, 61.3845
180, 70, 191.467, 69.2234, 206.052, 71.5844, 215.168, 73.3662, 221.736, 74.4707, 226.136, 77.3269
180, 80, 196.16, 78.0184, 210.477, 80.4777, 220.615, 84.5697, 227.709, 91.2004, 233.352, 96.4136
180, 90, 196.941, 90.6216, 210.795, 93.4117, 220.396, 97.7224, 227.323, 104.8, 234.859, 106.392
180, 100, 195.273, 100.848, 207.954, 103.093, 217.063, 105.799, 223.532, 110.12, 228.869, 111.808
180, 110, 190.695, 110.166, 200.823, 110.752, 208.853, 112.385, 214.651, 115.53, 219.187, 117.047
180, 120, 187.102, 120.402, 194.111, 120.548, 200.157, 120.538, 205.925, 122.243, 211.282, 123.655
180, 130, 187.662, 130.638, 194.919, 130.883, 201.14, 130.672, 206.851, 131.146, 213.4, 131.827
180, 140, 189.566, 141.261, 197.136, 141.916, 203.247, 142.283, 209.332, 142.816, 215.25, 142.719
180, 150, 188.72, 150.99, 196.827, 151.747, 204.116, 152.629, 211.293, 153.541, 218.598, 153.913
180, 160, 188.255, 160.883, 196.274, 161.606, 204.07, 162.652, 211.544, 163.658, 219.584, 164.22
180, 170, 188.188, 170.867, 196.131, 171.567, 204.124, 172.672, 211.773, 173.727, 220.111, 174.377
180, 180, 188.202, 180.883, 196.246, 181.597, 204.265, 182.766, 211.984, 183.848, 220.435, 184.57
180, 190, 188.36, 190.968, 196.731, 191.743, 204.807, 193.007, 212.765, 194.075, 221.442, 194.878
180, 200, 188.603, 200.869, 197.421, 201.414, 205.434, 202.873, 213.729, 203.907, 222.558, 204.634
180, 210, 188.773, 210.856, 197.71, 211.321, 205.837, 212.87, 214.209, 213.938, 223.302, 214.722
180, 220, 188.752, 220.851, 197.602, 221.261, 205.828, 222.845, 214.398, 223.897, 223.671, 224.72
190, 10, 194.923, 19.7405, 200.07, 20.0066, 206.659, 17.2411, 215.811, 18.3284, 223.652, 18.7515
190, 20, 195.433, 20.5821, 201.254, 19.023, 208.63, 17.6735, 217.584, 18.6837, 224.897, 18.9497
190, 30, 194.282, 30.1605, 201.467, 29.6296, 213.736, 29.8331, 221.585, 30.9118, 228.187, 31.1987
190, 40, 193.968, 40.2636, 203.315, 40.9218, 215.197, 40.9996, 222.682, 42.0711, 228.186, 42.5086
190, 50, 194.844, 49.905, 207.177, 51.1063, 218.203, 51.1524, 225.603, 52.4639, 231.065, 53.0101
190, 60, 196.396, 59.6619, 209.482, 60.5624, 219.669, 60.4308, 226.885, 62.3853, 232.567, 64.3938
190, 70, 198.74, 70.7328, 213.558, 72.8969, 225.919, 75.5691, 237.451, 80.2665, 246.98, 84.8095
190, 80, 204.76, 78.929, 219.9, 81.2315, 234.688, 83.2267, 247.531, 87.8192, 257.98, 92.3556
190, 90, 205.269, 91.5357, 220.212, 94.0783, 235.692, 95.8999, 249.486, 99.7168, 260.348, 102.226
190, 100, 203.421, 101.718, 216.943, 104.228, 232.617, 105.889, 248.407, 108.598, 259.639, 110.278
190, 110, 196.607, 110.492, 207.257, 111.88, 215.371, 113.575, 221.214, 116.532, 226.14, 118.097
190, 120, 196.685, 120.758, 203.637, 120.979, 209.596, 120.846, 215.426, 122.306, 221.07, 123.508
190, 130, 197.248, 130.799, 204.272, 131.106, 210.513, 130.924, 216.275, 131.365, 223.469, 132.019
190, 140, 197.909, 140.897, 205.193, 141.552, 211.314, 141.901, 217.555, 142.442, 223.561, 142.331
190, 150, 198.02, 150.838, 205.868, 151.539, 213.582, 152.576, 221.228, 153.684, 229.567, 154.343
190, 160, 198.064, 160.866, 205.968, 161.586, 213.922, 162.72, 221.643, 163.824, 230.082, 164.546
190, 170, 198.077, 170.87, 206.032, 171.603, 213.991, 172.742, 221.754, 173.855, 230.233, 174.596
190, 180, 198.067, 180.89, 206.067, 181.634, 213.986, 182.799, 221.777, 183.916, 230.258, 184.676
190, 190, 198.105, 190.955, 206.146, 191.72, 214.144, 193.01, 222.026, 194.089, 230.645, 194.901
190, 200, 198.275, 200.899, 206.82, 201.52, 214.604, 203.006, 222.761, 204.07, 231.502, 204.852
190, 210, 198.571, 210.885, 207.217, 211.397, 215.152, 212.951, 223.5, 214.058, 232.479, 214.872
190, 220, 198.649, 220.875, 207.456, 221.304, 215.423, 222.91, 223.901, 223.998, 233.136, 224.85
200, 0, 207.086, 0.26371, 214.039, 0.569685, 220.744, 0.0591164, 227.124, 1.01635, 234.1, 1.26821
200, 10, 207.051, 10.2286, 214.064, 10.6144, 220.824, 10.123, 227.255, 11.1027, 234.219, 11.3516
200, 20, 206.613, 20.2298, 213.228, 20.5026, 220.102, 20.1546, 226.725, 21.1977, 233.718, 21.5171
200, 30, 205.977, 30.2427, 212.258, 30.5802, 223.493, 30.6238, 231.119, 31.748, 237.543, 31.9687
200, 40, 204.422, 40.2489, 211.528, 40.7699, 223.08, 40.7491, 230.493, 41.8766, 236.02, 42.2031
200, 50, 203.688, 50.12, 212.68, 50.9318, 223.435, 50.9643, 230.739, 52.233, 236.145, 52.7116
200, 60, 202.855, 61.3455, 217.281, 61.6869, 229.043, 62.7644, 236.108, 64.4454, 241.705, 65.7702
200, 70, 203.595, 74.5501, 218.693, 76.7583, 233.383, 78.2972, 247.268, 81.7218, 257.989, 86.0467
200, 80, 209.361, 81.6934, 224.861, 83.9904, 240.133, 85.8201, 251.998, 90.572, 262.488, 93.9089
200, 90, 214.683, 92.0629, 230.387, 94.3532, 245.195, 96.3623, 258.32, 99.6489, 267.636, 100.919
200, 100, 213.996, 101.907, 229.591, 104.072, 244.943, 105.935, 258.569, 108.787, 268.131, 109.903
200, 110, 206.586, 110.69, 219.39, 112.66, 235.302, 114.263, 250.596, 117.094, 262.162, 118.609
200, 120, 206.619, 121.053, 213.97, 121.563, 220.375, 121.513, 226.459, 122.785, 232.709, 123.928
200, 130, 207.6, 131.081, 217.418, 131.967, 228.075, 132.636, 236.121, 133.493, 246.666, 134.341
200, 140, 208.561, 141.197, 217.722, 142.492, 226.688, 143.75, 235.098, 145.003, 242.82, 145.445
200, 150, 207.99, 150.874, 215.855, 151.632, 223.706, 152.712, 231.427, 153.858, 239.861, 154.61
200, 160, 208.043, 160.894, 215.92, 161.644, 223.856, 162.792, 231.535, 163.906, 239.935, 164.655
200, 170, 208.052, 170.902, 215.969, 171.663, 223.861, 172.81, 231.553, 173.919, 239.973, 174.675
200, 180, 208.042, 180.915, 215.965, 181.683, 223.792, 182.833, 231.459, 183.942, 239.922, 184.711
200, 190, 207.966, 190.961, 215.78, 191.716, 223.36, 192.996, 230.895, 194.028, 239.31, 194.8
200, 200, 207.895, 200.923, 215.805, 201.655, 223.128, 203.171, 230.948, 204.291, 239.472, 205.058
200, 210, 208.119, 210.902, 216.292, 211.549, 223.881, 213.08, 231.829, 214.198, 240.488, 214.988
200, 220, 208.43, 220.905, 217.029, 221.464, 224.721, 223.067, 232.863, 224.176, 241.657, 224.987
210, 0, 217.058, 0.20689, 223.957, 0.457605, 230.598, -0.114323, 230.298, 1.50954, 237.211, 1.74884
210, 10, 217.046, 10.2031, 223.946, 10.4575, 230.589, 9.89021, 236.865, 10.9284, 243.619, 11.0696
210, 20, 217.025, 20.2401, 223.921, 20.5907, 230.484, 20.0228, 236.834, 21.0616, 243.58, 21.2289
210, 30, 216.539, 30.2204, 223.521, 30.6655, 231.936, 30.2537, 238.951, 31.3229, 245.069, 31.5464
210, 40, 216.464, 40.1629, 224.184, 40.8627, 233.051, 40.6152, 240.017, 41.7098, 245.765, 42.0524
210, 50, 217.091, 50.2931, 225.153, 51.082, 233.762, 50.8249, 240.654, 51.9695, 246.278, 52.3945
210, 60, 218.562, 61.1338, 229.277, 63.2231, 238.568, 63.8708, 245.618, 65.5444, 251.277, 66.7592
210, 70, 223.357, 70.8735, 238.061, 72.6836, 251.171, 74.1686, 263.813, 77.1043, 272.279, 77.9956
210, 80, 223.999, 81.6618, 239.182, 83.9448, 253.591, 86.0432, 265.487, 89.3303, 273.711, 90.0003
210, 90, 224.853, 92.0087, 239.592, 94.4543, 254.293, 96.3455, 265.862, 99.0979, 273.993, 99.8011
210, 100, 224.457, 101.893, 238.621, 104.157, 253.162, 106.013, 264.457, 108.52, 272.867, 109.169
210, 110, 220.45, 111.233, 234.872, 113.273, 242.671, 113.553, 253.231, 115.812, 264.927, 117.304
210, 120, 223.295, 122.416, 232.742, 124.029, 241.036, 124.839, 248.725, 125.97, 257.099, 126.541
210, 130, 223.787, 132.574, 235.78, 134.405, 245.61, 135.472, 255.234, 136.796, 265.811, 137.559
210, 150, 217.81, 150.911, 225.636, 151.675, 233.484, 152.844, 241.227, 154.016, 249.28, 154.72
210, 160, 217.907, 160.918, 225.763, 161.661, 233.674, 162.913, 241.375, 164.045, 249.481, 164.751
210, 170, 217.929, 170.936, 225.796, 171.693, 233.649, 172.947, 241.267, 174.057, 249.364, 174.758
210, 180, 217.938, 180.934, 225.79, 181.692, 233.532, 182.941, 241.024, 184.023, 249.247, 184.744
210, 190, 217.605, 190.913, 225.136, 191.641, 232.392, 193.012, 239.411, 193.943, 247.616, 194.635
210, 200, 217.286, 200.961, 224.584, 201.758, 231.383, 203.33, 238.659, 204.502, 246.741, 205.181
210, 210, 217.844, 211.018, 225.273, 211.786, 232.221, 213.349, 239.638, 214.572, 247.882, 215.263
210, 220, 218.187, 221.017, 225.853, 221.685, 233.084, 223.273, 240.632, 224.451, 248.987, 225.203
220, 0, 227.058, 0.197748, 233.95, 0.42062, 240.608, -0.13052, 240.226, 1.47521, 247.02, 1.66972
220, 10, 227.05, 10.1955, 233.942, 10.4176, 240.6, 9.86728, 246.842, 10.8758, 253.593, 11.0057
220, 20, 227.054, 20.2094, 233.96, 20.4521, 240.58, 19.9081, 246.841, 20.9252, 253.589, 21.0613
220, 30, 226.729, 30.2098, 233.417, 30.5083, 240.047, 30.0227, 246.578, 31.0542, 252.801, 31.2114
220, 40, 226.633, 40.0937, 233.516, 40.8126, 240.577, 40.4899, 247.329, 41.6085, 253.056, 41.9409
220, 50, 227.208, 50.1805, 234.504, 51.0057, 241.033, 50.7178, 247.659, 51.8488, 253.307, 52.2343
220, 60, 227.765, 60.9405, 237.171, 62.8896, 244.899, 63.721, 251.393, 65.2596, 257.822, 66.2178
220, 70, 230.26, 71.0675, 244.611, 72.8594, 258.824, 74.5351, 269.684, 76.364, 277.448, 76.9837
220, 80, 232.876, 81.7777, 248.046, 84.2106, 261.454, 86.1966, 270.125, 87.9663, 278.144, 88.4816
220, 90, 232.582, 92.0971, 247.246, 94.433, 259.148, 96.0239, 267.914, 97.932, 275.857, 98.5089
220, 100, 230.888, 101.574, 244.516, 103.66, 254.97, 104.929, 265.772, 107.259, 274.057, 107.924
220, 110, 227.043, 110.812, 235.548, 111.943, 243.88, 112.375, 255.202, 114.926, 265.926, 116.235
220, 120, 228.091, 122.438, 236.239, 124.083, 243.848, 124.94, 251.328, 126.143, 259.273, 126.651
220, 130, 229.87, 133.783, 240.426, 136.059, 249.973, 137.322, 259.445, 138.738, 269.522, 139.45
220, 150, 227.051, 151.117, 234.597, 152.033, 242.141, 153.46, 249.72, 154.711, 257.274, 155.218
220, 160, 227.256, 160.975, 234.948, 161.807, 242.422, 163.118, 249.995, 164.255, 257.535, 164.872
220, 170, 227.238, 171.009, 234.85, 171.899, 242.226, 173.267, 249.647, 174.422, 257.129, 174.977
220, 180, 227.113, 180.951, 234.613, 181.792, 241.799, 183.16, 248.965, 184.22, 256.675, 184.848
220, 190, 226.022, 190.74, 232.67, 191.512, 239.1, 192.778, 245.614, 193.657, 253.206, 194.167
220, 200, 225.147, 200.82, 231.341, 201.58, 237.392, 203.095, 243.973, 204.184, 251.583, 204.958
220, 210, 226.564, 210.921, 233.506, 211.658, 240.013, 213.26, 247.196, 214.471, 255.061, 215.192
220, 220, 227.208, 220.947, 234.671, 221.62, 241.623, 223.284, 249.048, 224.541, 257.149, 225.28
230, 0, 237.063, 0.191914, 243.944, 0.398268, 250.592, -0.163965, 250.213, 1.43154, 257.003, 1.60814
230, 10, 237.062, 10.1914, 243.942, 10.3966, 250.588, 9.8334, 256.842, 10.841, 263.585, 10.9576
230, 20, 237.062, 20.1977, 243.949, 20.4131, 250.567, 19.8559, 256.833, 20.8708, 263.575, 20.9909
230, 30, 236.782, 30.2061, 243.441, 30.4544, 250.121, 29.9668, 256.419, 30.9932, 263.117, 31.1265
230, 40, 236.669, 40.0614, 243.563, 40.8326, 250.536, 40.5521, 256.933, 41.6801, 263.76, 41.965
230, 50, 236.753, 50.0012, 243.739, 50.87, 250.779, 50.701, 257.107, 51.8632, 263.935, 52.1779
230, 60, 236.757, 60.4576, 245.117, 61.9423, 253.727, 63.1689, 260.254, 64.8813, 266.74, 65.5517
230, 70, 237.154, 70.6564, 251.481, 72.6911, 263.38, 73.8112, 272.417, 75.3376, 279.789, 75.9746
230, 80, 238.592, 81.0968, 254.833, 83.6272, 262.833, 84.2603, 271.553, 85.931, 279.716, 86.3703
230, 90, 237.62, 91.0105, 248.94, 92.8016, 259.225, 94.0941, 267.984, 96.0129, 275.965, 96.6105
230, 100, 237.305, 100.81, 246.85, 102.216, 256.845, 103.316, 266.388, 105.318, 274.606, 105.963
230, 110, 236.949, 110.8, 244.119, 111.51, 251.642, 111.773, 259.975, 113.211, 269.881, 114.338
230, 120, 236.955, 121.058, 244.136, 122.097, 251.067, 122.835, 258.04, 124.07, 265.395, 124.505
230, 160, 234.734, 160.611, 241.287, 161.435, 247.359, 162.389, 254.396, 163.467, 261.08, 163.897
230, 170, 234.86, 170.535, 241.232, 171.346, 247.15, 172.307, 253.879, 173.31, 260.651, 173.779
230, 180, 234.604, 180.391, 240.712, 181.15, 246.383, 182.162, 252.867, 183.119, 260.101, 183.663
230, 190, 234.851, 190.416, 240.591, 191.064, 245.693, 191.95, 251.725, 192.815, 259.072, 193.352
230, 200, 234.693, 200.665, 240.225, 201.408, 245.512, 202.895, 251.517, 203.984, 258.707, 204.657
230, 210, 236.125, 210.958, 242.741, 211.769, 248.919, 213.408, 255.903, 214.713, 263.754, 215.517
230, 220, 237.079, 221.018, 244.388, 221.798, 251.037, 223.521, 258.24, 224.84, 266.194, 225.72
230, 230, 237.885, 231.151, 245.741, 231.983, 253.063, 233.851, 260.815, 235.201, 269.041, 236.14
240, 0, 247.519, 0.175419, 254.726, 0.362656, 261.844, -0.240227, 261.043, 1.37629, 267.749, 1.53319
240, 10, 247.518, 10.1754, 254.726, 10.3618, 261.845, 9.75781, 268.467, 10.7532, 275.66, 10.8277
240, 20, 247.506, 20.1838, 254.678, 20.3826, 261.774, 19.7873, 268.357, 20.7918, 275.528, 20.8691
240, 30, 246.902, 30.2101, 253.582, 30.4412, 260.342, 29.9374, 266.769, 30.9619, 273.648, 31.0797
240, 40, 246.652, 40.0706, 253.591, 40.8535, 260.633, 40.6245, 267.095, 41.7975, 273.985, 42.034
240, 50, 246.643, 49.896, 253.581, 50.8387, 260.691, 50.7798, 267.159, 51.9745, 274.045, 52.2887
240, 60, 246.561, 59.4929, 253.78, 61.0949, 261.513, 62.2494, 268.188, 64.1498, 274.944, 64.6269
240, 70, 246.653, 70.5373, 253.048, 71.5095, 263.054, 72.3797, 271.562, 74.0398, 278.769, 74.6884
240, 80, 247.095, 80.676, 253.593, 81.4748, 263.191, 82.2536, 272.732, 83.9127, 281.104, 84.3067
240, 90, 247.058, 90.718, 253.925, 91.487, 261.648, 92.134, 270.017, 93.8515, 277.961, 94.3526
240, 100, 247.05, 100.747, 253.86, 101.505, 261.258, 102.051, 269.504, 103.71, 277.458, 104.224
240, 110, 247.022, 110.822, 254.08, 111.56, 260.784, 111.819, 268.348, 113.155, 276.529, 113.855
240, 120, 247.055, 120.985, 254.181, 121.857, 261, 122.389, 268.02, 123.821, 275.315, 124.421
240, 130, 246.908, 131.194, 253.991, 132.209, 261.694, 133.271, 269.281, 134.947, 277.184, 135.76
240, 160, 244.601, 160.516, 250.194, 161.326, 255.854, 162.274, 262.335, 163.246, 268.331, 163.616
240, 170, 244.011, 170.178, 249.427, 170.883, 254.866, 171.74, 260.967, 172.624, 266.741, 172.735
240, 180, 243.917, 180.128, 249.117, 180.761, 254.302, 181.672, 260.061, 182.441, 266.341, 182.751
240, 190, 244.11, 190.129, 249.333, 190.691, 254.226, 191.598, 259.828, 192.305, 266.787, 192.891
240, 200, 244.231, 200.385, 249.01, 200.957, 254.104, 202.179, 259.636, 203.148, 266.52, 203.854
240, 210, 246.168, 211.016, 252.765, 211.889, 258.924, 213.673, 265.849, 214.952, 273.38, 215.853
240, 220, 247.361, 221.122, 254.72, 221.999, 261.438, 223.849, 268.85, 225.227, 276.815, 226.204
240, 230, 248.171, 231.285, 256.107, 232.237, 263.562, 234.218, 271.611, 235.875, 280.189, 236.992
250, 0, 257.746, 0.112671, 265.386, 0.201149, 272.863, -0.479609, 272.285, 1.16435, 279.714, 1.2103
250, 10, 257.746, 10.113, 265.385, 10.2016, 272.863, 9.51972, 279.864, 10.4288, 287.508, 10.425
250, 20, 257.732, 20.1303, 265.353, 20.2337, 272.827, 19.5719, 279.819, 20.4971, 287.42, 20.5112
250, 30, 257.079, 30.212, 264.032, 30.3974, 270.901, 29.8977, 277.49, 30.8963, 284.595, 31.0105
250, 40, 256.869, 40.467, 263.753, 40.8567, 270.608, 40.5046, 277.225, 41.782, 284.102, 42.0572
250, 50, 256.869, 50.5592, 263.744, 50.9987, 270.614, 50.8559, 277.277, 52.1778, 284.176, 52.586
250, 60, 256.908, 61.0158, 263.761, 61.8586, 271.221, 63.7947, 278.395, 67.9741, 285.189, 68.7933
250, 70, 257.135, 70.7137, 264.004, 71.3431, 270.699, 71.7598, 278.685, 73.197, 285.541, 73.8265
250, 80, 257.214, 80.7198, 264.215, 81.3659, 270.911, 81.746, 278.674, 83.1066, 286.694, 83.5731
250, 90, 257.144, 90.7424, 264.254, 91.3959, 271.052, 91.7623, 278.408, 93.1314, 286.088, 93.6752
250, 100, 257.118, 100.773, 264.246, 101.46, 271.052, 101.847, 278.413, 103.207, 286.095, 103.782
250, 110, 257.119, 110.879, 264.319, 111.696, 271.166, 112.101, 278.22, 113.378, 286.105, 114.016
250, 120, 257.145, 120.967, 264.384, 121.861, 271.323, 122.37, 278.363, 123.77, 285.752, 124.393
250, 130, 257.046, 131.092, 264.231, 132.081, 271.297, 132.862, 278.327, 134.263, 285.816, 135.018
250, 160, 254.871, 160.558, 259.84, 161.143, 264.777, 161.913, 271.06, 162.894, 277.176, 163.254
250, 170, 253.728, 170.07, 258.681, 170.611, 263.483, 171.225, 269.539, 172.122, 275.419, 172.208
250, 180, 254.088, 180.193, 258.81, 180.711, 263.525, 181.373, 269.229, 182.185, 275.481, 182.499
250, 190, 254.553, 190.301, 259.391, 190.767, 263.862, 191.393, 269.418, 192.14, 276.102, 192.647
250, 200, 254.106, 200.286, 258.472, 200.78, 263.142, 201.849, 268.53, 202.706, 275.266, 203.22
250, 210, 255.647, 210.978, 262.168, 211.86, 268.311, 213.674, 275.276, 215.011, 282.985, 216.003
250, 220, 257.296, 221.166, 265.021, 222.121, 272.302, 224.14, 280.415, 225.881, 289.128, 227.077
260, 0, 267.779, 0.104986, 275.457, 0.160482, 282.937, -0.620121, 282.49, 1.07389, 290.159, 1.0436
260, 10, 267.778, 10.1061, 275.455, 10.1618, 282.934, 9.38132, 289.992, 10.2697, 297.688, 10.1945
260, 20, 267.759, 20.1225, 275.417, 20.1945, 282.891, 19.4337, 289.935, 20.3351, 297.604, 20.2804
260, 30, 267.36, 30.2327, 274.481, 30.4125, 281.474, 29.8926, 288.049, 30.9575, 295.152, 31.0749
260, 40, 266.99, 40.491, 273.93, 40.897, 280.931, 40.4833, 287.47, 41.7675, 294.417, 42.0752
260, 50, 266.917, 50.5523, 273.842, 51.0164, 280.806, 50.7113, 288.114, 52.0045, 295.035, 52.3672
260, 60, 267.222, 61.3697, 274.746, 63.0467, 282.321, 64.2801, 289.57, 66.5834, 296.503, 67.2781
260, 70, 267.125, 70.7419, 274.05, 71.3689, 281.362, 71.6347, 288.15, 72.8232, 295.287, 73.3164
260, 80, 267.182, 80.7453, 274.252, 81.3797, 281.259, 81.6791, 288.267, 82.8637, 295.67, 83.3471
260, 90, 267.189, 90.7595, 274.381, 91.403, 281.326, 91.7223, 288.344, 92.923, 295.789, 93.4244
260, 100, 267.153, 100.802, 274.33, 101.487, 281.246, 101.853, 288.286, 103.077, 295.735, 103.665
260, 110, 267.18, 110.902, 274.451, 111.736, 281.343, 112.176, 288.463, 113.517, 295.963, 114.13
260, 120, 267.213, 120.969, 274.531, 121.873, 281.535, 122.394, 288.659, 123.801, 296.148, 124.43
260, 130, 267.06, 131.091, 274.235, 132.088, 281.352, 132.868, 288.427, 134.29, 295.876, 135.049
260, 160, 263.712, 160.242, 268.626, 160.917, 273.196, 161.67, 279.369, 162.711, 286.061, 163.212
260, 170, 263.35, 169.989, 268.227, 170.408, 272.656, 170.999, 278.508, 171.9, 284.977, 172.186
260, 180, 263.542, 180.053, 268.606, 180.613, 273.425, 181.428, 279.084, 182.237, 285.872, 182.794
260, 190, 263.901, 190.129, 268.942, 190.626, 273.877, 191.498, 279.906, 192.392, 286.808, 192.951
260, 200, 263.416, 200.114, 267.558, 200.488, 272.447, 201.621, 277.613, 202.271, 283.863, 202.742
260, 210, 265.802, 211.139, 271.722, 212.125, 277.906, 214.085, 285.106, 215.691, 293.05, 216.775
260, 220, 267.615, 221.334, 274.611, 222.387, 281.112, 224.435, 289.082, 226.266, 297.137, 227.594
270, 0, 277.819, 0.103422, 285.51, 0.147205, 292.889, -0.681385, 292.573, 1.02478, 300.275, 0.952642
270, 10, 277.819, 10.1071, 285.508, 10.1514, 292.888, 9.32321, 300.047, 10.1745, 308.316, 10.5922
270, 20, 277.784, 20.1273, 285.447, 20.1898, 292.922, 19.3491, 300.051, 20.2211, 308.375, 20.6077
270, 30, 277.737, 30.272, 285.361, 30.4697, 292.751, 29.8669, 299.862, 30.984, 308.444, 30.938
270, 40, 277.69, 40.4285, 285.285, 40.8056, 292.768, 40.2749, 299.997, 41.5035, 309.344, 41.5522
270, 60, 277.639, 61.4624, 285.354, 63.1056, 292.897, 63.7306, 303.843, 65.9659, 311.588, 68.1786
270, 70, 277.371, 70.7177, 284.669, 71.3075, 292.06, 71.5859, 298.95, 72.7582, 306.317, 73.2734
270, 80, 277.28, 80.7326, 284.603, 81.3339, 291.809, 81.6269, 298.789, 82.8148, 306.388, 83.3099
270, 90, 277.255, 90.7513, 284.56, 91.3752, 291.635, 91.6913, 298.699, 92.89, 307.037, 93.3101
270, 100, 277.157, 100.806, 284.378, 101.499, 291.35, 101.877, 298.4, 103.112, 306.556, 103.645
270, 110, 277.242, 110.935, 284.601, 111.804, 291.592, 112.259, 298.755, 113.674, 307.048, 114.191
270, 120, 277.298, 121.011, 284.692, 121.951, 291.78, 122.518, 298.976, 123.951, 307.438, 124.546
270, 130, 276.978, 131.069, 284.135, 132.056, 291.178, 132.826, 298.172, 134.25, 305.87, 134.888
270, 140, 272.754, 141.171, 276.226, 141.962, 279.83, 142.333, 285.142, 143.298, 290.855, 144.018
270, 150, 272.201, 151.139, 274.958, 151.845, 278.433, 152.194, 283.602, 153.102, 289.25, 153.85
270, 160, 273.168, 160.112, 277.099, 160.614, 281.223, 161.287, 287.652, 162.422, 294.552, 163.078
270, 170, 271.48, 169.388, 275.767, 169.786, 279.984, 170.334, 286.194, 171.331, 293.099, 171.878
270, 180, 270.281, 178.982, 274.6, 179.285, 279.255, 180.09, 285.292, 181.071, 292.34, 181.702
270, 190, 271.52, 189.381, 275.295, 189.473, 279.998, 190.275, 286.075, 191.238, 293.014, 191.849
270, 200, 271.107, 199.417, 274.909, 199.752, 279.71, 200.925, 284.76, 201.678, 290.85, 201.993
270, 210, 275.052, 211.016, 280.403, 211.978, 286.039, 213.899, 292.104, 215.219, 298.808, 216.188
270, 220, 276.68, 221.327, 282.782, 222.326, 288.764, 224.348, 295.649, 226.055, 302.364, 227.169
280, 0, 287.891, 0.093235, 295.643, 0.115879, 302.915, -0.704184, 302.925, 0.9475, 311.171, 1.39377
280, 10, 287.895, 10.0906, 295.646, 10.1137, 302.918, 9.29337, 310.325, 10.1081, 319.396, 10.655
280, 20, 287.826, 20.1234, 295.526, 20.1729, 302.997, 19.3084, 310.402, 20.1255, 319.744, 20.6204
280, 90, 287.588, 90.7279, 295.203, 91.3312, 302.843, 91.6586, 310.744, 92.7088, 322.811, 92.7405
280, 100, 287.348, 100.825, 294.839, 101.539, 302.103, 101.983, 309.011, 103.178, 318.982, 103.466
280, 110, 287.435, 110.99, 295, 111.918, 302.478, 112.563, 309.338, 113.821, 319.97, 113.876
280, 120, 287.508, 121.05, 295.123, 122.042, 302.753, 122.835, 309.552, 124.044, 321.742, 124.031
280, 130, 287.037, 131.105, 294.266, 132.146, 301.269, 132.99, 308.281, 134.365, 316.335, 134.861
280, 140, 283.277, 141.941, 287.754, 143.161, 292.235, 143.947, 297.557, 145.056, 304.547, 146.133
280, 150, 282.148, 151.405, 285.615, 152.354, 289.454, 153.039, 294.316, 153.993, 300.013, 154.765
280, 160, 283.538, 160.511, 289.072, 161.287, 292.545, 161.911, 298.825, 162.996, 305.995, 163.716
280, 170, 283.982, 170.459, 289.185, 171.159, 292.739, 171.7, 299.065, 172.736, 306.174, 173.26
280, 180, 284.248, 180.405, 289.977, 181.164, 295.464, 182.49, 302.007, 183.649, 309.855, 184.423
280, 190, 283.525, 190.139, 288.532, 190.605, 291.181, 190.755, 297.193, 191.705, 304.209, 192.227
280, 200, 282.448, 200.023, 285.747, 200.144, 288.906, 200.912, 293.562, 201.506, 299.77, 201.968
280, 210, 283.858, 210.506, 288.082, 211.065, 292.239, 212.599, 298.024, 213.872, 305.012, 214.851
280, 220, 282.484, 220.435, 287.025, 221.238, 291.986, 223.136, 298.357, 224.807, 306.079, 226.045
290, 0, 298.005, 0.0618267, 305.772, 0.0810623, 312.282, -0.43523, 313.326, 0.858891, 323.314, 1.33521
290, 130, 296.386, 131.121, 303.279, 132.083, 310.083, 132.972, 316.483, 134.347, 326.644, 134.498
290, 140, 293.484, 141.525, 298.834, 142.939, 303.872, 144.174, 309.682, 145.706, 318.006, 146.699
290, 150, 292.288, 151.442, 296.061, 152.648, 299.779, 153.714, 304.364, 154.816, 310.744, 155.617
290, 160, 292.494, 161.03, 297.443, 162.087, 303.44, 163.763, 310.35, 165.046, 319.206, 166.128
290, 170, 292.539, 170.989, 297.047, 171.83, 301.793, 172.976, 308.38, 174.115, 316.912, 175.104
290, 220, 289.956, 219.6, 290.958, 219.182, 295.829, 221.101, 301.856, 222.68, 309.857, 223.944
300, 150, 303.377, 151.176, 307.192, 152.394, 311.381, 153.885, 316.484, 155.337, 322.898, 156.291
